0 26 -1
0 100 12
0 100 2
0 101 107
0 125 -1
0 130 12
0 234 107
0 285 12
0 322 12
0 327 12
0 489 65
0 723 56
0 889 107
1 32 4
1 32 0
1 197 0
2 24 106
2 25 4
2 34 48
2 41 40
2 204 48
2 439 48
2 444 4
2 492 -1
2 670 4
2 692 -1
2 699 40
2 799 48
2 799 4
2 799 35
2 819 40
3 7 -1
3 12 12
3 173 12
3 348 4
3 665 4
3 775 12
3 779 13
4 21 4
4 111 107
4 303 107
4 314 113
4 347 -1
4 629 -1
4 753 113
4 762 -1
5 463 4
5 535 12
5 632 4
5 635 48
5 635 4
5 635 35
5 677 12
5 677 171
5 677 35
6 269 12
6 454 12
6 978 43
7 8 12
7 92 35
7 382 14
7 382 19
7 382 70
7 400 -1
7 456 -1
7 568 35
7 681 19
7 730 12
7 730 19
7 839 108
7 839 121
8 102 40
8 153 4
8 153 267
8 259 -1
8 275 -1
8 667 7
8 667 35
8 862 10
8 862 4
8 898 4
8 898 7
8 898 35
9 114 4
9 274 107
9 311 107
9 318 4
9 334 -1
9 644 4
9 644 35
9 697 -1
9 754 4
10 95 7
10 511 4
10 576 107
10 717 0
10 843 4
10 843 35
11 37 12
11 90 4
11 156 4
11 156 7
11 163 4
11 163 7
11 385 48
11 385 224
11 606 716
11 606 12
12 231 7
12 234 108
12 239 4
12 374 -1
13 112 4
13 114 4
13 218 56
13 308 4
13 308 14
13 370 4
13 370 70
13 483 4
13 597 41
13 597 44
13 744 4
13 816 67
13 840 41
14 6 -1
14 75 125
14 180 125
14 196 0
14 265 -1
14 267 -1
14 286 -1
14 302 12
14 323 -1
14 357 -1
14 428 12
14 523 0
14 612 12
14 613 0
14 714 24
14 714 0
15 45 99
15 45 56
15 281 4
15 281 72
15 400 67
15 827 67
15 849 4
16 23 0
16 33 22
16 80 4
16 80 0
16 208 -1
16 734 0
16 734 65
17 71 4
17 200 4
17 310 677
17 310 48
17 498 4
17 514 -1
17 805 48
18 3 -1
18 142 -1
18 314 -1
18 453 -1
18 764 409
18 835 -1
18 864 13
19 23 12
19 56 4
19 56 35
19 189 4
19 353 -1
19 477 12
19 477 24
19 491 48
19 491 2
19 549 48
19 549 35
19 588 12
19 588 4
19 588 35
19 717 40
20 143 -1
20 216 45
20 385 45
20 403 -1
21 117 90
21 127 4
21 245 4
21 257 12
21 451 4
21 461 113
21 482 12
21 500 12
21 722 4
21 978 -1
22 39 12
22 39 56
22 118 12
22 118 4
22 290 -1
22 343 4
22 629 -1
22 723 4
22 723 56
22 723 224
22 762 -1
23 158 4
23 199 4
23 221 -1
23 492 -1
23 689 12
24 21 4
24 21 72
24 388 4
24 388 14
24 388 13
24 484 40
24 487 -1
24 519 48
24 519 14
24 820 4
25 87 4
25 120 4
25 658 171
25 658 56
25 891 41
25 891 12
25 891 99
26 36 41
26 80 4
26 152 4
27 3 6
27 59 12
27 59 4
27 518 12
27 562 4
27 655 -1
27 943 12
27 943 4
27 998 4
28 50 -1
28 91 41
28 236 -1
28 269 12
28 294 67
28 592 12
28 606 12
29 179 4
29 209 4
29 279 4
29 531 72
29 547 4
30 12 12
30 179 -1
30 416 12
30 450 -1
30 478 7
30 503 75
30 567 41
30 586 -1
30 657 12
30 670 7
31 80 4
31 354 10
31 480 4
31 480 2
31 484 40
31 489 308
31 551 4
31 580 4
32 10 12
32 34 48
32 75 48
32 125 13
32 307 12
32 345 48
32 345 12
32 401 -1
32 726 967
32 944 12
33 86 4
33 142 4
33 454 12
33 454 45
33 520 -1
33 691 106
33 730 12
34 7 -1
34 134 35
34 214 -1
34 320 -1
34 381 -1
34 403 412
34 430 165
34 541 -1
34 734 0
34 827 65
35 236 -1
35 282 13
35 308 13
35 329 41
35 390 107
35 395 -1
35 411 45
35 433 41
35 519 13
35 519 45
35 936 13
36 154 4
36 154 0
36 171 48
36 275 41
36 376 4
36 376 35
36 733 4
37 100 -1
37 172 224
37 237 -1
37 248 41
37 248 581
37 313 -1
37 331 -1
37 485 -1
37 665 87
37 722 -1
37 767 -1
37 798 -1
37 865 -1
38 18 0
38 367 4
38 423 4
38 494 4
38 544 82
39 127 4
39 239 4
39 239 35
39 280 22
39 328 4
39 396 12
39 396 4
39 420 4
40 96 4
40 262 65
40 415 12
40 415 35
40 634 -1
40 636 65
40 789 65
41 58 4
41 58 35
41 245 4
41 262 -1
41 462 4
41 595 4
41 666 -1
42 21 4
42 175 -1
42 286 -1
43 156 4
43 274 108
43 503 4
43 630 12
44 484 -1
44 485 4
44 485 165
44 612 48
44 631 865
44 649 4
44 654 4
44 713 -1
45 42 4
45 94 -1
45 184 4
45 334 48
45 473 48
45 491 48
45 491 4
45 792 31
46 57 4
46 57 0
46 353 -1
46 410 -1
46 411 4
46 679 45
46 915 4
47 77 4
47 79 12
47 164 48
47 164 108
47 213 48
47 213 108
47 256 -1
47 274 108
47 285 12
47 473 48
47 473 4
47 473 40
47 545 12
47 600 12
47 934 12
48 83 -1
48 116 -1
48 151 -1
48 281 -1
48 303 107
48 418 497
48 751 -1
49 4 -1
49 264 -1
49 569 307
49 589 -1
50 0 4
50 0 2
50 0 0
50 272 12
50 298 4
50 298 35
50 298 78
50 400 243
50 400 65
50 520 108
50 615 -1
50 635 4
50 635 35
50 734 243
50 734 65
51 82 48
51 82 45
51 269 4
51 269 0
51 399 0
51 399 4
51 399 14
51 399 35
51 541 40
51 565 45
51 593 108
51 655 48
51 655 108
51 662 48
52 38 0
52 100 0
52 102 -1
52 202 -1
52 268 11
52 298 4
52 298 35
52 381 -1
52 520 -1
52 753 0
52 996 -1
53 82 13
53 167 4
53 430 -1
53 493 -1
53 507 13
53 676 43
53 676 38
53 708 0
53 936 4
54 6 4
54 92 22
54 154 12
54 200 4
54 200 14
54 397 4
54 397 14
55 94 12
55 170 12
55 400 65
55 509 12
55 509 65
56 147 99
56 209 4
56 257 -1
56 279 4
56 279 35
56 316 -1
56 332 4
56 337 -1
56 358 56
56 358 85
56 497 -1
56 564 45
56 744 4
56 744 35
56 778 4
56 830 99
56 878 14
57 44 -1
57 48 107
57 85 108
57 464 35
57 484 -1
57 509 -1
57 662 35
57 714 -1
58 106 -1
58 472 12
58 472 0
58 735 41
58 735 12
59 29 4
59 260 4
59 318 48
59 318 4
59 480 4
59 480 2
59 480 45
59 557 48
59 557 4
59 624 967
59 689 48
59 689 12
60 42 4
60 90 4
60 169 -1
60 263 602
60 294 -1
60 334 12
60 334 56
60 381 -1
60 583 4
60 642 4
60 779 -1
61 281 4
61 404 4
61 476 4
61 476 7
61 476 35
61 576 -1
61 654 4
61 785 7
61 816 56
61 829 4
61 829 7
62 216 12
62 266 4
62 266 14
62 268 -1
62 307 12
62 363 12
62 558 -1
63 89 12
63 120 4
63 120 35
63 426 4
63 538 519
63 633 12
63 920 4
63 986 48
63 986 35
64 43 0
64 91 41
64 91 40
64 255 -1
64 513 12
64 569 12
64 916 35
65 19 12
65 196 0
65 227 4
65 268 -1
65 300 48
65 328 4
65 566 48
66 137 35
66 184 12
66 184 0
66 184 22
66 329 12
66 347 0
66 348 101
66 348 22
66 476 35
66 476 13
66 855 12
66 855 40
66 948 35
66 948 14
67 24 -1
67 433 41
67 534 41
67 534 40
67 632 4
67 651 48
67 651 0
67 651 40
67 671 4
67 671 0
67 753 0
67 758 24
67 805 48
68 3 4
68 232 4
68 341 12
68 356 4
68 370 4
68 416 12
68 572 -1
68 861 41
68 902 7
69 28 40
69 61 14
69 216 12
69 487 0
69 646 14
69 657 12
69 997 12
70 67 12
70 267 -1
70 352 4
70 352 70
70 454 12
70 531 11
70 590 -1
71 3 6
71 36 41
71 77 6
71 90 14
71 181 -1
71 282 14
71 282 13
71 369 120
71 407 -1
71 430 -1
71 447 6
71 470 -1
71 769 -1
71 821 -1
72 484 -1
72 518 48
72 518 4
72 563 308
72 606 -1
72 722 4
72 784 4
72 813 4
73 361 -1
73 441 519
73 528 12
73 616 12
73 729 4
74 51 21
74 249 4
74 264 4
74 264 171
74 312 -1
74 326 -1
74 379 -1
74 778 4
74 778 35
75 44 12
75 75 -1
75 122 4
75 199 4
75 199 13
75 199 45
75 414 4
75 484 -1
75 670 4
75 842 -1
76 73 12
76 73 4
76 348 4
76 348 0
76 706 41
76 706 14
77 65 19
77 335 12
77 422 -1
77 515 14
77 659 12
78 22 4
78 158 48
78 160 56
78 160 65
78 276 4
78 408 4
78 408 75
78 467 48
78 467 35
78 486 4
78 486 0
78 506 -1
79 4 -1
79 17 12
79 239 4
79 382 4
79 475 48
79 475 12
79 477 12
79 551 48
80 345 12
80 407 -1
80 480 2
80 628 -1
81 46 48
81 46 4
81 176 4
81 283 41
81 649 4
81 765 11
82 78 45
82 281 4
82 299 12
82 299 45
82 310 48
82 502 12
82 511 4
82 721 48
82 870 12
83 61 4
83 414 4
83 414 7
83 685 40
84 25 4
84 96 4
84 198 4
84 198 14
84 332 4
84 591 -1
84 845 4
84 948 4
84 948 14
85 13 0
85 13 35
85 18 0
85 217 107
85 243 0
85 271 -1
85 276 35
85 276 40
85 451 35
86 241 14
86 350 14
86 372 -1
86 390 -1
86 638 108
87 101 48
87 208 48
87 503 4
87 610 4
87 698 12
87 856 48
87 890 48
87 890 107
88 30 121
88 74 12
88 95 121
88 174 40
88 182 12
88 182 45
88 258 4
88 329 12
88 337 12
88 475 12
88 509 12
88 509 67
88 550 12
88 550 4
88 550 70
88 553 4
88 623 40
88 964 12
89 95 48
89 95 72
89 113 12
89 113 107
90 207 12
90 490 41
90 490 165
90 613 4
90 886 12
91 41 40
91 52 184
91 52 7
91 52 55
91 174 40
91 280 107
91 280 40
91 294 243
91 369 4
91 369 121
91 476 4
91 658 56
91 659 12
92 31 -1
92 155 -1
92 312 -1
92 376 56
92 537 -1
92 604 -1
93 113 12
93 248 -1
93 381 -1
93 699 0
93 699 1089
94 33 -1
94 266 48
94 266 4
94 394 4
94 726 -1
95 112 4
95 138 4
95 164 107
95 245 4
95 472 12
95 472 0
95 615 38
95 732 12
95 732 107
96 210 72
96 252 4
96 279 4
96 279 256
96 279 49
96 498 12
96 498 72
96 604 12
96 632 4
96 665 4
97 73 4
97 108 4
97 156 4
97 192 4
97 232 4
97 258 4
97 287 65
97 560 -1
97 636 70
97 640 0
97 758 171
97 831 -1
98 132 4
98 185 99
98 204 126
98 229 4
98 241 10
98 291 -1
98 494 4
98 494 35
98 510 -1
98 810 278
99 41 -1
99 62 4
99 62 0
99 262 107
99 262 65
99 271 -1
99 403 -1
99 559 4
99 731 4
99 731 0
100 3 21
100 61 35
100 100 -1
100 142 35
100 161 35
100 452 -1
100 799 35
101 20 41
101 50 4
101 280 40
101 508 48
101 610 4
101 627 48
101 647 41
101 687 -1
102 152 12
102 229 12
102 530 0
103 132 4
103 253 4
103 419 -1
103 537 -1
104 84 48
104 229 48
104 229 4
104 255 106
104 255 308
104 255 65
104 547 4
104 551 48
104 551 4
104 613 4
104 837 48
105 55 -1
105 301 4
105 343 4
105 381 48
105 415 4
105 415 45
105 793 40
106 89 0
106 99 4
106 141 10
106 193 4
106 254 4
106 431 4
106 619 4
106 644 4
106 737 4
106 737 0
107 276 40
107 376 -1
107 381 108
107 447 0
107 583 -1
107 594 -1
107 602 -1
108 34 48
108 49 4
108 367 4
108 375 48
108 519 48
108 519 365
108 688 107
108 803 -1
109 302 12
109 310 107
109 539 4
109 539 35
109 881 12
110 72 4
110 135 42
110 177 4
110 190 13
110 303 56
111 33 -1
111 88 4
111 414 4
111 414 35
111 521 48
111 679 48
111 734 40
112 29 4
112 29 0
112 32 4
112 116 55
112 116 45
112 313 45
112 352 4
112 352 7
112 413 45
112 541 55
112 552 4
112 565 45
112 663 4
112 824 4
112 824 56
113 385 48
113 385 107
113 660 12
113 754 4
113 768 48
113 768 12
113 778 48
113 778 4
114 5 -1
114 57 48
114 181 -1
114 211 48
115 89 12
115 307 12
115 360 4
115 360 35
115 643 4
115 643 35
115 643 13
115 870 12
116 249 4
116 389 40
116 611 634
116 632 4
116 655 62
117 54 4
117 247 113
117 247 35
117 455 4
117 566 12
117 633 12
117 873 4
118 123 -1
118 155 4
118 155 0
118 159 48
118 159 4
118 280 107
118 352 4
118 406 4
118 406 0
118 438 6
118 438 0
118 817 4
118 817 0
118 854 0
119 107 107
119 342 107
119 342 0
119 748 1184
119 925 -1
120 12 66
120 181 35
120 186 -1
120 291 -1
120 325 45
120 360 35
121 250 35
121 259 107
121 279 35
121 279 40
121 644 35
121 670 0
121 670 70
121 732 48
121 855 12
121 855 40
122 211 4
122 444 4
122 470 4
122 470 939
122 588 4
123 101 13
123 190 13
123 311 -1
123 456 4
123 505 -1
123 539 4
123 560 -1
124 202 -1
124 721 48
124 721 56
124 729 -1
124 901 48
125 21 4
125 21 0
125 248 -1
125 260 4
125 260 0
125 595 4
125 595 14
125 636 -1
125 916 4
126 18 0
126 58 4
126 58 0
126 61 4
126 61 0
126 101 107
126 103 107
126 236 4
126 504 4
126 504 44
126 530 4
126 669 4
126 669 40
127 28 4
127 42 4
127 187 12
127 187 4
127 310 -1
127 352 4
127 485 12
127 676 42
127 748 42
128 95 48
128 120 4
128 551 48
128 631 -1
129 42 4
129 112 4
129 112 0
129 292 41
129 367 12
129 367 7
129 496 67
129 855 41
129 855 12
129 855 40
130 59 12
130 59 4
130 381 -1
130 467 4
130 467 40
130 544 12
131 25 4
131 358 -1
131 620 108
131 623 65
131 818 4
131 818 35
132 83 65
132 230 4
132 248 -1
132 401 -1
132 438 4
132 453 12
132 459 4
132 490 12
132 596 4
132 693 -1
132 784 12
132 784 675
132 866 12
132 866 4
133 80 4
133 105 4
133 217 108
133 339 108
133 435 87
133 435 4
133 461 4
133 572 -1
133 621 4
134 227 4
134 287 20
134 561 20
135 58 4
135 58 0
135 81 4
135 81 40
135 254 4
135 390 121
135 588 12
136 367 12
136 368 12
136 662 4
136 662 35
136 784 12
136 784 4
136 784 35
137 122 4
137 122 56
137 144 4
137 169 -1
137 182 12
137 182 4
137 359 -1
137 447 -1
137 485 12
137 821 12
138 351 12
138 384 4
138 861 12
139 59 4
139 186 171
139 321 4
139 330 -1
139 519 4
140 149 12
140 149 55
140 177 14
140 198 14
140 257 243
140 494 14
140 494 35
140 585 35
140 632 35
140 790 14
140 803 55
140 867 12
141 147 41
141 147 56
141 323 4
141 323 72
141 480 4
141 480 56
141 497 10
141 625 4
141 640 41
141 684 -1
142 11 12
142 68 0
142 278 20
142 303 -1
142 514 12
142 693 40
142 849 4
142 849 77
143 108 4
143 275 -1
143 279 4
143 279 40
143 442 -1
143 541 42
143 583 4
143 841 42
144 49 12
144 202 -1
144 490 12
144 600 12
144 746 14
145 87 75
145 127 -1
145 156 -1
145 357 14
145 357 75
145 367 12
145 401 -1
145 621 14
145 665 -1
145 693 -1
145 769 12
146 281 6
146 281 4
146 649 4
146 649 35
146 672 4
146 672 70
146 673 107
146 771 4
146 820 12
146 820 267
147 92 4
147 327 12
147 327 4
147 327 0
147 327 75
147 498 12
147 632 4
147 778 60
147 778 12
148 37 12
148 62 6
148 109 12
148 132 4
148 199 4
148 225 113
148 240 4
148 240 70
148 310 -1
148 431 12
148 431 4
148 492 -1
148 559 12
148 559 4
148 570 4
148 659 12
149 250 4
149 453 82
149 669 4
149 669 40
149 854 40
150 51 40
150 216 12
150 395 -1
151 62 4
151 62 7
151 762 -1
151 902 7
151 902 70
151 964 12
152 208 12
152 224 107
152 224 108
152 253 35
152 296 -1
152 537 146
152 670 7
153 167 4
153 167 35
153 212 -1
153 218 -1
153 253 4
153 282 280
153 282 4
153 282 35
153 324 -1
153 339 107
153 397 4
153 397 35
153 493 -1
153 524 6
154 38 -1
154 64 12
154 64 4
154 155 12
154 155 4
154 315 4
154 450 126
154 450 108
154 497 12
154 787 107
154 787 108
154 789 -1
155 50 113
155 50 4
155 310 107
155 328 4
155 361 10
155 361 45
155 366 4
155 799 4
155 799 0
156 5 12
156 5 4
156 23 12
156 203 42
156 203 56
156 203 40
156 217 12
156 217 107
156 217 108
156 369 4
156 451 4
156 943 48
156 943 4
156 943 12
157 375 12
157 375 4
157 468 12
157 509 12
157 578 12
157 840 -1
158 170 12
158 196 45
158 262 -1
158 281 -1
158 497 12
158 509 12
158 867 12
158 867 56
159 103 12
159 330 12
159 655 -1
159 829 6
159 829 4
160 13 12
160 146 107
160 334 12
160 362 -1
160 533 246
160 533 10
161 178 12
161 178 45
161 252 7
161 291 7
161 328 7
161 422 35
161 486 7
161 499 7
161 499 35
161 665 7
161 732 48
161 732 108
161 732 45
162 42 6
162 102 -1
162 125 0
162 416 12
162 531 13
162 627 48
162 627 12
162 665 6
163 72 4
163 139 12
163 139 56
163 145 6
163 275 41
163 475 775
163 475 12
163 503 4
163 549 12
163 694 12
163 694 56
163 856 12
163 865 12
163 865 4
164 262 -1
164 296 243
164 389 40
164 391 113
164 391 4
164 391 35
164 536 4
164 660 12
164 767 4
164 920 4
164 920 72
165 1 11
165 1 13
165 53 -1
165 212 -1
165 247 4
165 307 -1
165 417 48
165 822 -1
166 536 4
166 536 35
166 742 48
166 742 35
167 46 12
167 234 -1
167 397 -1
167 430 -1
167 463 -1
167 535 41
168 119 43
168 208 -1
168 317 43
168 369 4
168 569 -1
168 597 43
168 673 -1
168 679 45
168 695 4
169 167 4
169 167 0
170 299 4
170 299 35
170 404 4
170 441 519
170 632 4
171 57 48
171 59 48
171 112 -1
171 146 7
171 179 -1
171 339 -1
171 438 -1
171 478 7
171 478 482
171 621 14
172 38 0
172 201 4
172 201 0
172 229 4
172 502 -1
172 594 -1
172 704 4
172 707 -1
173 42 -1
173 171 48
173 171 56
173 171 12
173 196 -1
173 363 48
173 363 12
173 470 12
174 24 -1
174 281 6
174 281 4
174 292 -1
174 339 -1
174 395 6
174 708 0
174 767 4
175 158 48
175 158 4
175 158 40
175 431 48
176 25 4
176 99 4
176 103 -1
176 389 41
176 389 40
176 454 -1
176 936 4
176 936 13
177 197 11
177 377 40
177 486 -1
177 522 56
177 959 -1
178 17 -1
178 62 4
178 121 48
178 122 4
178 244 4
178 244 417
178 409 48
178 486 4
178 537 48
178 651 48
178 651 4
178 651 40
178 794 48
178 879 40
178 886 -1
178 948 14
178 948 4
179 77 6
179 77 4
179 229 12
179 473 4
179 473 605
179 640 0
179 660 12
179 822 -1
179 971 -1
180 18 -1
180 26 4
180 99 48
180 99 4
180 234 -1
180 317 -1
180 325 -1
180 837 48
181 11 -1
181 60 107
181 142 -1
181 206 -1
181 233 41
181 233 40
181 439 -1
181 680 269
181 684 107
182 32 35
182 200 14
182 200 35
182 218 -1
182 238 48
182 321 48
182 355 107
182 458 35
182 710 48
182 710 35
182 721 48
183 88 171
183 130 171
183 140 -1
183 252 -1
183 301 -1
183 346 -1
183 598 -1
183 685 101
183 706 41
184 73 12
184 161 35
184 193 35
184 215 41
184 391 35
184 444 -1
184 665 6
184 718 48
184 795 41
185 110 -1
185 138 0
185 232 -1
185 458 35
185 520 108
185 531 -1
185 602 269
185 964 48
185 964 212
186 117 13
186 133 4
186 384 4
186 528 12
186 528 4
186 615 41
187 161 4
187 165 107
187 172 107
187 330 12
187 476 176
187 476 13
187 518 12
187 568 4
187 585 4
187 585 2
187 601 -1
187 602 4
187 602 267
187 988 40
188 8 0
188 51 -1
188 96 0
188 110 -1
188 243 0
189 12 12
189 47 -1
189 76 48
189 76 224
189 282 4
189 348 48
189 588 12
190 252 4
190 312 316
190 464 4
190 464 35
190 464 224
190 586 -1
190 681 4
191 195 -1
191 215 -1
191 229 48
191 266 48
191 266 14
191 316 48
191 331 48
191 336 48
191 515 14
192 304 55
192 304 70
192 343 4
192 352 4
192 352 70
192 737 4
192 887 13
193 88 12
193 173 12
193 193 4
193 319 4
193 322 10
193 322 4
193 322 12
193 357 6
193 357 4
193 357 14
193 498 12
193 631 12
194 21 4
194 21 0
194 103 -1
194 344 48
194 344 4
194 402 4
194 470 4
194 470 540
195 620 12
196 9 49
196 286 224
196 496 13
196 541 41
196 723 56
197 130 4
197 139 -1
197 328 4
197 328 7
197 588 4
198 174 41
198 344 4
198 498 12
198 498 4
198 597 41
198 743 4
198 906 41
199 44 25
199 75 48
199 85 48
199 94 -1
199 99 48
199 99 4
199 99 35
199 372 4
199 372 35
199 424 4
199 424 35
199 513 308
199 601 -1
199 988 41
200 66 107
200 66 45
200 209 12
200 209 4
200 396 12
200 396 4
200 442 -1
200 473 4
200 707 12
200 707 107
200 751 4
201 144 4
201 228 4
201 249 4
201 262 -1
201 299 4
201 413 -1
201 551 4
201 702 -1
201 708 0
202 74 41
202 149 41
202 154 12
202 154 4
202 154 0
202 154 20
202 197 0
202 248 41
202 249 48
202 249 12
202 472 48
202 472 0
202 472 12
202 570 4
202 620 48
202 630 41
202 679 126
202 710 48
202 811 41
202 811 12
203 17 -1
203 117 13
203 153 -1
203 265 40
203 490 -1
203 940 13
204 38 56
204 97 108
204 221 108
204 355 108
204 358 56
204 428 41
204 640 41
204 902 70
205 11 12
205 112 329
205 172 224
205 212 -1
205 270 -1
205 288 -1
205 376 -1
205 384 0
206 72 4
206 72 114
206 245 4
206 324 12
207 24 106
207 59 48
207 59 4
207 330 48
207 350 4
207 350 14
207 350 35
207 431 48
207 431 4
207 517 4
207 870 -1
208 188 -1
208 248 -1
208 632 4
208 641 12
208 794 4
209 13 4
209 429 -1
209 446 -1
209 731 4
209 731 70
209 842 -1
210 27 4
210 27 35
210 117 107
210 213 12
210 216 103
210 216 107
210 224 107
210 234 107
210 342 107
210 380 12
210 380 22
210 493 12
211 23 12
211 67 106
211 69 95
211 130 12
211 197 -1
211 397 4
211 531 -1
211 535 41
211 583 48
211 583 4
212 149 -1
212 165 107
212 247 45
212 519 45
212 547 45
212 553 45
212 622 -1
213 232 4
213 488 4
213 600 4
213 634 48
213 870 -1
214 104 12
214 106 243
214 122 4
214 136 4
214 136 7
214 136 0
214 136 70
214 413 12
214 603 0
214 823 12
214 823 107
214 850 4
214 906 519
214 963 0
215 8 10
215 14 4
215 61 4
215 125 4
215 275 41
215 291 0
215 625 4
215 678 4
215 678 40
215 745 -1
216 38 -1
216 153 48
216 153 4
216 233 38
216 365 48
216 384 4
216 498 4
216 498 45
216 637 4
217 181 4
217 386 4
217 528 48
217 528 4
217 695 48
217 695 4
218 293 126
218 505 12
218 582 12
218 583 35
218 615 -1
218 654 12
218 710 12
218 725 35
218 900 35
219 120 87
219 369 72
219 516 -1
219 700 35
219 756 87
220 58 35
220 415 35
220 425 45
220 771 48
220 771 35
220 771 45
221 151 4
221 283 56
221 431 4
221 503 4
221 577 -1
221 609 56
221 654 4
221 681 4
222 84 48
222 84 263
222 98 12
222 223 -1
222 323 72
222 366 -1
222 389 41
222 389 40
222 628 70
223 7 42
223 20 42
223 333 4
223 637 4
224 33 -1
224 205 366
224 266 366
224 282 4
224 310 48
224 481 4
224 601 -1
224 693 44
224 720 44
225 216 12
225 216 45
225 246 12
225 353 -1
225 633 12
225 792 41
225 867 41
225 867 12
226 24 -1
226 46 48
226 136 4
226 136 7
226 213 48
226 215 -1
226 358 -1
226 397 4
226 397 14
226 415 4
226 421 0
227 54 4
227 54 0
227 354 12
227 432 70
227 453 12
227 453 0
227 528 48
227 619 4
227 619 35
227 747 4
227 747 35
227 903 48
228 124 107
228 164 48
228 506 45
228 550 4
228 704 4
228 882 107
228 882 45
229 11 12
229 11 4
229 29 4
229 141 12
229 198 4
229 198 14
229 249 12
229 249 4
229 592 12
229 592 107
229 667 4
229 823 12
229 823 107
230 13 -1
230 71 14
230 135 -1
230 152 -1
230 192 -1
230 318 -1
230 563 67
230 867 396
231 52 7
231 100 7
231 123 -1
231 191 -1
231 549 4
231 902 7
232 195 -1
232 313 48
232 782 4
232 782 121
232 839 121
233 124 12
233 124 107
233 211 4
233 211 14
233 211 13
233 467 4
234 15 10
234 16 4
234 136 4
234 136 0
234 136 75
234 564 48
235 137 -1
235 177 -1
235 293 108
235 549 12
235 606 269
235 606 244
235 677 12
235 844 12
236 25 4
236 56 122
236 56 4
236 291 -1
236 295 4
236 409 4
236 582 -1
236 604 -1
236 679 126
237 98 12
237 340 48
237 717 -1
237 840 41
238 194 4
238 387 4
238 400 48
238 412 -1
238 490 12
238 533 -1
238 581 -1
238 666 107
238 817 4
238 897 107
239 16 6
239 16 0
239 16 35
239 46 12
239 171 12
239 559 12
239 711 12
239 711 11
239 830 12
240 3 21
240 17 -1
240 18 25
240 52 -1
240 99 4
240 182 4
240 371 4
240 511 21
240 511 4
240 680 4
240 680 267
240 728 -1
241 182 4
241 502 41
241 502 14
241 502 239
241 540 4
241 540 35
241 556 4
242 33 -1
242 458 35
242 458 121
242 481 35
242 481 70
242 645 -1
242 769 12
242 769 108
242 927 40
243 245 4
243 387 4
243 387 14
243 387 35
243 416 4
243 778 48
243 858 4
243 858 35
244 17 56
244 32 4
244 231 -1
244 369 4
244 519 35
244 519 4
244 519 14
244 519 13
244 527 67
244 608 4
244 608 14
244 722 290
244 722 4
244 722 35
244 918 4
244 918 35
245 51 -1
245 236 4
245 350 4
245 350 35
245 353 67
245 353 65
245 368 12
245 381 107
245 382 4
245 463 4
245 470 12
245 553 4
245 559 12
245 722 4
245 765 56
245 891 12
245 998 4
246 49 -1
246 293 48
246 313 48
246 316 48
246 355 107
246 534 41
246 835 75
247 26 6
247 116 -1
247 254 4
247 439 72
247 516 -1
247 551 4
247 629 42
247 704 4
247 928 67
248 35 48
248 70 -1
248 151 -1
249 3 0
249 23 12
249 46 12
249 276 40
249 283 41
249 303 56
249 482 41
249 482 12
249 482 56
249 498 12
249 546 12
249 655 126
249 702 41
249 702 40
249 734 0
250 133 113
250 133 0
250 137 113
250 226 4
250 226 35
250 648 41
250 649 4
250 649 35
250 700 113
250 700 4
250 700 35
250 726 0
251 81 15
251 133 113
251 340 -1
251 346 -1
251 372 0
251 378 0
251 395 -1
251 419 -1
251 790 41
251 790 15
251 792 41
251 792 40
252 111 -1
252 162 4
252 643 4
252 643 14
252 643 35
252 653 -1
252 953 113
252 953 40
253 27 4
253 27 14
253 363 4
253 704 4
253 873 4
254 5 4
254 30 13
254 71 4
254 279 4
254 670 4
254 865 4
254 940 4
255 6 4
255 6 31
255 238 4
255 310 107
255 442 -1
255 482 -1
255 542 4
255 686 -1
255 963 4
256 72 4
256 93 12
256 93 4
256 153 48
256 267 -1
256 347 48
256 400 48
256 462 4
256 557 48
257 28 35
257 119 41
257 161 35
257 376 35
257 386 35
257 443 35
257 665 87
258 53 12
258 58 0
258 183 48
258 223 -1
258 407 48
258 463 -1
258 489 -1
258 718 48
258 718 173
259 137 4
259 308 35
259 315 4
259 322 12
259 322 35
259 406 4
259 433 -1
259 442 65
259 501 4
259 501 13
259 621 35
259 621 4
259 621 14
259 704 4
259 704 605
260 122 56
260 356 -1
260 422 -1
260 453 12
260 503 14
261 20 -1
261 37 -1
261 348 87
261 348 22
261 348 0
261 588 4
261 613 4
261 743 4
261 917 -1
262 84 -1
262 178 12
262 217 12
262 291 0
262 618 56
263 81 4
263 448 12
263 585 4
264 17 -1
264 63 -1
264 219 35
264 257 -1
264 286 -1
264 335 35
264 431 35
264 438 35
264 615 -1
264 729 35
265 115 48
265 117 -1
265 157 -1
265 170 12
265 201 12
265 363 48
265 363 12
265 385 48
265 545 12
265 644 -1
265 986 48
266 192 4
266 279 4
266 298 4
266 431 12
266 444 4
266 472 12
266 472 4
266 955 1184
267 28 48
267 28 35
267 138 4
267 449 48
267 449 12
267 729 4
268 142 35
268 182 0
268 184 0
268 184 35
268 238 35
268 288 -1
268 793 42
268 900 35
269 124 12
269 153 4
269 226 4
269 239 4
269 302 12
269 304 333
269 304 45
269 311 45
269 453 12
269 534 45
269 642 4
269 743 4
269 743 75
269 831 -1
269 935 4
270 62 6
270 155 12
270 155 99
270 213 12
270 213 108
270 266 35
270 289 126
270 444 -1
270 493 12
271 342 107
271 355 107
271 502 41
271 502 12
271 502 56
272 95 7
272 371 4
272 383 -1
272 601 56
272 931 7
273 38 56
273 160 12
273 160 56
273 176 4
273 218 12
273 395 70
273 478 -1
273 534 40
273 906 56
273 916 4
273 916 35
274 73 4
274 118 4
274 182 4
274 214 4
274 272 4
274 442 -1
274 799 48
274 878 14
274 894 519
275 90 0
275 344 40
275 396 12
275 459 70
275 506 -1
275 527 308
275 572 -1
275 585 2
275 650 0
275 650 40
275 655 -1
275 799 0
276 151 35
276 259 13
276 276 35
276 443 35
276 443 13
276 785 -1
277 190 108
277 289 48
277 289 108
277 488 35
277 533 -1
277 743 35
277 773 -1
277 872 243
278 232 4
278 232 13
278 297 12
278 297 4
278 297 7
278 327 113
278 327 4
278 327 12
278 340 4
278 428 12
278 428 519
278 447 7
278 744 4
279 40 -1
279 41 38
279 326 12
279 485 10
279 485 12
279 867 12
280 38 0
280 47 0
280 94 -1
280 361 -1
280 629 40
280 759 4
280 759 14
281 32 12
281 87 4
281 187 12
281 187 4
281 187 35
281 595 4
281 662 48
281 662 35
281 713 12
281 898 4
281 898 35
282 65 -1
282 294 48
282 294 243
282 562 48
282 562 4
282 562 35
282 971 243
283 51 -1
283 188 107
283 217 107
283 258 4
283 275 -1
283 289 107
283 293 107
283 344 4
283 369 4
283 369 72
283 369 121
283 373 4
283 790 4
283 927 -1
284 30 -1
284 121 48
284 121 12
284 141 12
284 312 -1
284 434 12
284 520 -1
285 89 56
285 135 40
285 207 -1
285 237 4
285 237 267
285 595 4
285 595 14
285 743 4
285 877 40
286 34 48
286 34 0
286 90 4
286 90 0
286 294 48
286 335 4
286 335 0
286 383 10
286 383 48
287 45 -1
287 120 4
287 120 40
287 204 0
287 376 4
287 746 4
287 799 4
288 84 48
288 84 67
288 535 41
288 849 48
289 203 56
289 339 107
289 394 4
289 409 48
289 413 48
290 51 -1
290 649 4
290 649 35
291 194 4
291 299 12
291 299 45
291 413 48
291 901 48
292 22 4
292 22 0
292 22 35
292 130 12
292 130 4
292 130 35
292 390 107
292 506 45
293 69 -1
293 156 -1
293 222 12
293 222 267
293 302 48
293 302 107
293 535 12
293 639 48
293 733 -1
293 744 45
293 767 267
294 56 4
294 72 4
294 161 4
294 176 4
294 348 4
294 458 4
294 867 56
295 34 48
295 83 45
295 94 12
295 108 4
295 108 35
295 108 45
295 153 48
295 156 4
295 156 35
295 206 12
295 208 48
295 208 107
295 208 12
295 213 48
295 254 48
295 254 4
295 254 35
295 260 4
295 260 35
295 297 12
295 297 4
295 327 12
295 327 35
295 373 4
295 373 35
296 20 40
296 51 40
296 90 0
296 90 4
296 270 4
296 270 70
296 288 6
296 288 14
296 288 70
296 326 243
296 466 0
296 488 4
296 488 35
296 575 4
296 575 35
296 753 243
296 753 0
296 855 56
296 907 4
296 907 35
296 923 0
297 306 4
297 353 -1
297 545 -1
297 587 90
297 587 4
298 422 4
298 478 -1
298 776 4
299 307 12
299 562 4
299 621 4
299 867 41
300 73 4
300 73 40
300 87 4
300 87 35
300 89 -1
300 119 41
300 119 40
300 135 41
300 135 40
300 416 4
300 416 35
300 421 -1
300 452 41
300 455 4
300 872 -1
300 959 4
300 959 35
301 65 7
301 66 -1
301 82 -1
301 233 -1
301 553 4
301 553 35
301 675 4
301 797 4
301 797 7
302 9 4
302 296 -1
302 298 4
302 355 -1
302 666 13
302 964 48
303 3 2
303 272 -1
303 308 -1
304 61 45
304 448 107
304 448 45
304 578 45
304 945 48
304 945 107
305 198 -1
305 260 70
305 363 48
305 431 48
305 431 24
305 627 48
306 14 4
306 81 4
306 102 -1
306 350 4
306 350 14
306 419 -1
306 628 4
306 628 75
306 708 -1
307 12 12
307 422 4
307 498 12
307 498 4
307 533 246
308 215 41
308 284 48
308 318 48
308 450 48
308 513 12
308 557 48
308 557 4
308 557 40
308 623 65
308 867 41
309 28 4
309 109 12
309 231 41
309 236 4
309 292 41
309 742 4
309 742 171
309 742 35
310 54 4
310 145 -1
310 258 4
310 265 40
310 306 4
310 306 14
310 321 48
310 321 4
310 330 48
310 536 4
310 671 12
310 671 0
310 677 12
310 915 4
310 915 40
311 4 25
311 4 21
311 109 12
311 193 4
311 239 4
311 244 4
311 264 4
311 306 4
311 460 55
311 813 4
311 813 91
312 102 40
312 157 -1
312 172 48
312 242 4
312 259 0
312 367 12
312 367 4
312 367 35
313 180 -1
313 344 48
313 344 4
313 344 35
313 378 12
313 378 4
313 378 35
313 700 12
313 700 35
314 75 48
314 120 -1
314 164 48
314 164 108
314 164 45
314 223 45
314 501 45
315 8 45
315 167 4
315 167 35
315 227 72
315 227 4
315 234 108
315 356 4
315 356 35
315 630 56
315 630 45
315 766 7
316 321 4
316 573 41
316 588 4
316 588 35
316 935 4
316 935 13
316 997 -1
317 26 6
317 26 4
317 37 12
317 153 4
317 168 -1
317 828 4
318 191 12
318 191 67
318 261 373
318 342 0
318 415 12
318 420 0
318 420 35
318 521 48
318 524 99
318 524 0
318 563 12
318 563 316
318 622 13
318 737 12
318 737 35
318 856 48
318 856 12
319 9 12
319 134 341
319 134 4
319 149 12
319 164 48
319 479 12
319 536 4
320 89 12
320 92 4
320 100 12
320 100 0
320 114 4
320 545 12
320 642 4
321 82 48
321 158 48
321 460 -1
322 38 67
322 71 7
322 84 48
322 84 67
322 166 7
322 225 48
322 488 35
322 499 7
322 499 35
322 499 70
322 699 -1
322 794 48
322 794 7
322 794 13
322 795 41
323 33 -1
323 90 13
323 224 108
323 288 19
323 363 -1
323 392 13
323 413 244
323 649 13
323 657 56
323 659 -1
324 258 4
324 258 13
324 286 -1
324 446 82
324 582 12
324 673 108
324 702 -1
325 35 48
325 198 14
325 272 35
325 347 48
325 351 412
325 427 294
325 720 40
325 779 -1
326 491 48
326 491 4
326 491 19
326 679 48
326 689 48
326 732 48
327 118 4
327 118 35
327 134 48
327 134 4
327 400 48
327 492 -1
327 568 48
327 568 35
327 615 -1
327 628 4
328 91 -1
328 120 4
328 375 4
328 423 4
328 489 -1
328 570 4
328 570 14
328 820 4
328 849 4
328 849 56
328 886 56
329 2 4
329 51 -1
329 134 4
329 199 4
329 221 -1
329 470 4
329 470 35
329 483 4
329 555 -1
329 590 -1
329 915 4
330 47 -1
330 76 48
330 76 12
330 135 -1
330 176 4
330 329 269
330 349 4
330 412 99
330 528 48
331 12 67
331 125 4
331 125 0
331 133 4
331 145 67
331 179 4
331 180 -1
331 251 7
331 347 0
331 459 4
331 489 7
331 513 7
331 513 67
331 521 -1
331 603 0
332 422 -1
332 434 12
332 434 11
332 485 12
332 486 0
332 694 12
332 777 -1
333 25 4
333 25 35
333 243 0
333 243 35
333 297 4
333 368 -1
334 9 12
334 126 0
334 234 -1
334 239 4
334 404 12
334 457 41
334 693 41
335 81 -1
335 188 -1
335 448 -1
335 497 -1
335 693 41
335 840 41
336 82 107
336 313 -1
336 488 12
336 553 4
336 862 10
336 862 72
337 9 4
337 9 49
337 213 107
337 831 56
338 343 4
338 355 -1
338 396 12
338 396 4
338 505 12
339 15 -1
339 259 13
339 294 -1
339 309 75
339 315 -1
339 429 -1
339 524 6
339 540 13
339 540 45
339 574 222
339 574 75
339 707 12
339 870 12
339 906 41
340 23 12
340 97 48
340 97 107
340 107 12
340 207 12
340 223 -1
340 291 -1
340 538 -1
340 588 119
340 588 4
341 160 12
341 435 48
341 435 35
341 672 4
341 672 72
342 15 7
342 40 48
342 40 154
342 348 48
342 365 48
342 487 -1
342 712 -1
342 904 12
343 12 12
343 248 -1
343 362 4
343 733 4
344 107 -1
344 139 45
344 156 4
344 156 7
344 164 45
344 181 4
344 327 113
344 423 4
344 423 7
344 444 4
344 640 7
345 191 -1
345 229 4
345 386 4
346 74 12
346 113 12
346 243 4
346 243 35
346 358 -1
346 493 12
346 612 12
346 685 0
347 26 4
347 49 4
347 159 4
347 174 43
347 175 -1
347 209 4
347 820 4
347 820 267
348 279 4
348 339 108
348 435 48
348 620 48
348 620 12
348 661 -1
348 845 48
349 187 12
349 187 4
349 238 48
349 254 48
349 406 4
349 406 13
350 417 4
350 417 35
350 472 4
350 601 56
350 601 65
350 620 107
350 726 107
350 787 107
351 160 67
351 433 519
351 694 -1
352 110 -1
352 138 4
352 138 218
352 138 75
352 260 4
352 489 -1
352 551 4
353 10 12
353 207 12
353 207 7
353 223 -1
353 333 48
353 413 48
353 568 48
353 643 4
353 690 48
354 5 12
354 241 10
354 241 14
354 241 13
354 279 4
354 279 40
354 293 108
354 357 4
354 382 4
354 382 14
354 571 40
354 589 4
354 589 56
354 605 4
355 114 4
355 114 13
355 142 4
355 214 269
355 259 13
355 513 12
356 24 12
356 24 107
356 290 -1
356 336 48
356 417 48
356 541 12
357 16 4
357 58 4
357 58 0
357 113 -1
357 143 -1
357 225 4
357 225 35
358 206 4
358 294 67
358 480 4
358 480 35
358 799 4
359 31 12
359 31 0
359 246 12
359 246 0
359 246 35
359 371 35
359 459 35
359 799 0
360 2 4
360 205 4
360 817 4
360 817 0
361 344 48
361 344 40
361 370 4
361 370 35
361 387 4
361 387 45
361 421 0
361 421 45
361 501 4
361 501 45
361 667 4
361 667 35
362 206 4
362 252 4
362 383 -1
362 441 56
362 700 113
362 700 4
362 752 4
363 26 -1
363 219 12
363 219 35
363 286 48
363 295 35
363 373 35
363 420 0
363 480 56
363 480 35
363 671 12
364 222 269
364 229 19
364 295 72
364 295 35
364 449 -1
364 451 72
364 451 35
364 611 -1
365 7 -1
365 17 56
365 509 -1
365 568 4
365 625 4
365 706 -1
365 726 -1
365 885 4
365 981 -1
366 97 126
366 139 45
366 326 -1
366 453 -1
366 533 -1
366 559 -1
366 707 -1
367 169 -1
367 462 4
367 462 40
367 728 -1
367 934 4
368 15 24
368 61 4
368 138 4
368 138 75
368 178 -1
368 193 4
368 193 75
368 292 -1
368 384 4
368 491 4
368 695 4
368 886 56
369 23 30
369 93 4
369 93 31
369 93 35
369 93 30
369 139 -1
369 147 7
369 179 4
369 179 35
369 238 4
369 238 40
369 423 4
369 699 40
369 849 4
370 52 -1
370 99 48
370 278 -1
370 347 48
370 347 0
370 351 -1
370 612 48
370 704 4
370 722 4
370 722 0
370 897 269
370 897 294
371 163 4
371 209 4
371 347 48
371 529 107
372 118 4
372 118 0
372 160 65
372 192 4
372 200 4
372 200 35
372 215 -1
372 498 4
372 498 35
372 799 48
372 799 4
373 83 106
373 461 4
373 493 12
373 600 12
373 600 4
373 616 12
373 800 4
374 320 12
374 389 -1
374 404 12
374 473 48
374 478 -1
374 514 12
374 521 48
374 546 12
374 623 0
374 694 48
374 694 35
375 270 4
375 277 48
375 381 48
375 653 337
375 747 4
375 835 4
375 835 35
376 9 4
376 10 -1
376 50 4
376 135 43
376 466 107
376 514 107
376 529 107
376 564 107
376 625 4
376 737 4
376 777 4
376 777 35
377 87 4
377 370 4
377 477 -1
377 781 4
377 843 4
377 940 4
377 940 14
377 940 45
378 56 4
378 243 4
378 370 4
378 370 13
378 415 4
378 426 4
378 453 -1
378 481 4
378 481 35
378 670 4
378 679 108
379 109 48
379 109 12
379 109 65
379 122 4
379 130 12
379 130 35
379 216 103
379 292 -1
379 384 4
379 384 0
379 384 35
379 398 12
379 461 4
379 461 13
379 581 -1
379 602 4
379 608 48
379 608 35
379 745 48
379 745 12
379 778 48
381 0 4
381 311 48
381 311 107
381 340 48
381 340 4
381 367 4
381 455 4
381 465 40
381 608 48
381 608 4
381 608 14
381 795 56
381 817 4
382 163 -1
382 177 0
382 324 12
382 495 12
382 580 0
382 580 35
383 11 12
383 11 4
383 13 12
383 13 4
383 79 12
383 79 56
383 126 56
383 371 4
383 371 337
383 371 20
383 452 40
383 841 40
383 914 48
383 914 4
384 8 -1
384 342 107
384 342 108
384 344 4
384 655 107
384 916 4
385 214 4
385 339 108
385 416 4
385 530 4
385 753 -1
385 821 4
386 41 41
386 41 40
386 117 107
386 117 13
386 195 -1
386 272 12
386 299 12
386 299 4
386 433 41
386 563 12
386 581 40
386 642 4
386 654 12
386 815 -1
387 141 10
387 141 12
387 306 4
387 306 0
387 327 113
387 327 0
387 327 12
387 501 4
387 521 48
387 710 48
387 710 4
387 710 12
387 943 48
387 943 4
388 72 4
388 72 35
388 130 4
388 442 -1
388 444 4
388 734 0
389 175 41
389 354 -1
389 357 4
389 357 70
389 523 4
389 627 48
389 694 48
390 6 4
390 68 48
390 317 42
390 357 4
390 399 4
390 714 4
390 865 12
390 865 70
391 22 -1
391 268 -1
391 277 48
391 277 65
391 408 70
391 506 7
391 964 48
391 964 65
392 1 12
392 163 4
392 235 12
392 252 4
392 259 -1
392 370 4
392 370 35
392 512 12
392 528 12
392 705 -1
392 732 12
393 69 -1
393 108 35
393 845 -1
394 8 48
394 444 4
394 830 12
395 137 4
395 154 4
395 364 19
395 538 70
395 551 48
395 556 4
395 596 4
396 37 12
396 114 14
396 188 107
396 271 56
396 362 224
396 570 14
396 612 12
396 612 107
396 637 0
396 815 -1
396 886 12
396 886 56
397 31 0
397 70 4
397 130 4
397 287 19
397 484 0
397 873 4
398 257 67
398 877 41
399 82 126
399 82 48
399 82 13
399 169 107
399 718 48
400 13 -1
400 28 -1
400 29 -1
400 62 -1
400 89 -1
400 224 126
400 261 -1
400 633 -1
401 85 -1
401 118 12
401 140 0
401 140 45
401 202 -1
401 394 -1
401 508 2
401 554 45
401 558 -1
401 610 20
401 680 -1
402 158 4
402 438 4
402 811 519
402 849 4
403 60 12
403 108 4
403 259 13
403 546 12
404 5 4
404 106 -1
404 111 -1
404 128 -1
404 190 -1
404 321 4
404 386 4
404 839 -1
405 257 67
405 261 4
405 269 4
405 551 4
406 47 7
406 115 48
406 115 44
406 174 42
406 178 12
406 349 7
406 453 12
406 485 12
406 621 -1
406 730 48
407 137 4
407 509 243
407 509 67
407 544 12
407 769 12
407 769 67
407 769 108
407 840 -1
408 182 12
408 220 12
408 238 4
408 334 12
408 517 4
408 524 -1
408 770 -1
408 778 12
408 778 4
409 37 12
409 77 -1
409 83 65
409 121 12
409 368 12
409 418 -1
409 525 14
410 38 -1
410 176 4
410 189 4
410 189 171
410 372 4
410 381 107
410 639 4
410 886 12
411 172 48
411 172 108
411 172 45
411 403 -1
411 603 0
411 631 12
411 711 12
411 713 12
411 903 48
411 920 4
412 413 12
412 508 4
412 697 12
413 86 4
413 220 48
413 308 4
413 308 0
413 404 4
413 589 4
413 669 4
414 201 12
414 201 0
414 210 -1
414 413 12
414 417 4
414 657 12
414 844 12
415 292 -1
415 317 2
415 633 108
415 799 35
416 96 4
416 114 4
416 116 -1
416 120 4
416 120 35
416 181 12
416 187 12
416 187 4
416 479 12
416 530 4
416 530 35
417 60 12
417 60 107
417 83 -1
417 191 12
417 314 -1
417 343 60
417 495 12
417 635 48
418 112 6
418 134 48
418 134 4
418 165 0
418 206 12
418 206 0
418 223 -1
418 256 -1
418 291 0
418 327 12
418 350 4
418 400 48
418 455 6
418 455 4
418 455 0
418 620 48
418 653 -1
418 775 48
418 775 12
419 94 12
419 167 21
419 167 0
419 241 10
419 241 11
419 773 171
420 121 12
420 121 4
420 378 12
420 378 4
420 378 0
420 598 4
420 727 4
420 856 12
421 19 4
421 219 4
421 265 605
421 277 243
421 350 4
421 398 -1
421 420 4
421 425 243
421 602 4
421 677 0
421 805 4
422 72 35
422 242 7
422 726 269
423 177 4
423 359 -1
423 639 48
424 41 -1
424 123 -1
424 136 4
424 195 -1
424 201 4
424 213 48
424 249 48
424 249 4
424 295 4
424 307 65
424 464 48
424 464 24
424 489 65
424 535 4
424 579 -1
425 52 -1
425 175 -1
425 235 -1
425 291 0
425 434 10
425 465 -1
425 799 0
426 5 12
426 197 0
426 199 14
426 372 0
426 372 13
426 419 -1
426 457 -1
426 620 48
426 620 12
426 636 -1
426 742 48
426 872 -1
427 48 12
427 94 12
427 154 12
427 224 -1
427 272 12
427 392 -1
427 418 -1
427 433 41
427 463 -1
427 470 12
427 528 12
428 81 4
428 120 4
428 136 4
428 136 75
428 139 -1
428 156 4
428 262 316
428 434 99
428 489 65
428 499 4
428 542 4
428 697 19
428 720 65
428 936 4
429 343 4
429 375 4
429 476 176
429 476 7
429 476 35
429 505 -1
429 571 40
429 633 107
429 761 107
429 761 108
430 3 22
430 3 0
430 11 12
430 11 0
430 46 48
430 87 70
430 116 22
430 251 12
430 293 48
430 440 48
430 468 48
430 468 0
430 471 12
430 484 0
430 881 12
431 35 48
431 72 4
431 98 0
431 152 4
431 183 48
431 257 48
431 280 22
431 424 4
431 514 108
431 551 48
431 612 48
431 656 4
432 405 4
432 414 4
432 525 4
433 49 12
433 112 0
433 140 0
433 179 -1
433 228 12
433 254 44
433 500 12
433 789 44
433 795 -1
434 190 107
434 207 307
434 207 171
434 207 12
434 218 12
434 223 -1
434 313 -1
434 464 4
434 628 4
434 628 70
434 816 12
435 117 -1
435 230 48
435 340 48
435 789 40
436 243 35
436 282 35
436 282 13
436 325 -1
436 362 -1
436 565 12
436 577 12
436 601 67
436 663 35
436 848 12
436 848 35
437 225 4
437 250 4
437 374 12
437 440 -1
437 514 12
437 514 108
438 23 0
438 116 -1
438 118 4
438 381 -1
438 400 136
438 441 56
438 449 0
438 450 -1
438 557 4
438 557 40
438 581 40
439 33 25
439 114 -1
439 235 12
439 235 108
439 300 79
439 531 -1
439 710 12
440 63 -1
440 112 4
440 209 12
440 215 -1
440 241 8
440 266 4
440 300 0
440 886 12
441 89 56
441 144 4
441 229 4
441 511 4
441 517 4
441 517 40
441 632 4
441 632 263
441 673 107
442 50 4
442 50 35
442 50 13
442 162 4
442 215 -1
442 359 107
443 5 12
443 49 12
443 49 4
443 91 38
443 91 40
443 115 4
443 152 12
443 152 4
443 270 4
443 329 12
443 409 4
443 659 12
443 659 4
443 788 4
443 788 40
443 790 4
443 841 40
443 959 4
444 132 4
444 167 4
444 245 4
444 251 12
444 251 0
444 281 4
444 420 4
444 420 0
444 836 0
445 57 12
445 184 12
445 184 4
445 184 35
445 352 4
445 495 12
445 554 -1
445 568 4
446 33 0
446 164 48
446 182 4
446 269 4
446 269 0
446 271 56
446 323 354
446 323 4
446 462 4
446 462 14
446 686 48
446 799 48
446 847 4
447 104 48
447 120 4
447 120 44
447 290 113
447 356 4
447 478 482
447 676 -1
448 123 -1
448 309 4
448 465 -1
448 486 4
448 672 4
449 54 -1
449 108 35
449 147 -1
449 302 -1
449 403 -1
449 495 -1
449 553 35
449 685 40
449 752 40
450 30 -1
450 179 35
450 371 35
450 403 -1
450 444 -1
450 477 12
450 493 12
451 95 7
451 281 6
451 281 4
451 457 41
451 457 519
451 655 -1
451 797 75
451 797 4
451 797 7
451 797 6
452 61 4
452 61 0
452 61 35
452 78 -1
452 89 12
452 89 0
452 635 4
452 635 35
452 765 0
453 32 4
453 32 0
453 129 4
453 197 0
453 202 -1
453 273 4
453 494 4
453 526 -1
453 528 4
453 572 -1
453 813 4
453 924 246
453 924 4
454 44 12
454 73 12
454 73 40
454 271 45
454 323 -1
454 398 12
454 433 519
454 467 48
454 467 40
454 546 12
454 775 48
454 886 12
454 886 45
455 138 4
455 138 35
455 486 4
455 486 0
455 486 35
455 662 4
455 866 4
455 866 35
456 21 4
456 23 12
456 128 65
456 213 12
456 213 107
456 560 107
456 676 -1
456 745 12
456 841 -1
456 964 12
456 964 65
457 201 4
457 325 40
457 383 10
457 522 56
457 970 4
457 970 35
458 258 4
458 331 4
458 378 12
458 610 4
458 630 12
459 402 4
460 47 171
460 47 0
460 150 4
460 150 0
460 151 4
460 151 0
460 162 12
460 162 4
460 162 129
461 281 4
461 307 12
461 321 4
461 521 -1
461 655 -1
461 715 12
461 715 291
461 746 113
461 817 4
461 866 12
462 155 12
462 192 4
462 438 4
462 521 48
462 521 56
462 546 12
462 584 12
462 691 108
463 263 41
463 412 -1
463 649 -1
464 234 107
464 401 40
464 653 -1
465 14 4
465 14 0
465 16 4
465 16 0
465 16 35
465 164 -1
465 240 4
465 240 35
465 396 12
465 396 4
465 568 4
465 568 0
465 628 4
465 685 0
465 790 4
465 790 19
466 170 12
466 241 0
466 887 13
467 73 40
467 81 40
467 330 719
467 336 -1
467 414 2
467 444 -1
467 672 70
468 5 12
468 33 -1
468 152 12
468 340 -1
468 459 -1
468 515 14
468 515 13
468 538 519
468 570 14
468 774 -1
469 8 45
469 67 108
469 67 45
469 151 4
469 244 4
469 244 24
469 539 4
469 539 99
469 566 45
469 580 4
469 646 4
469 646 14
469 646 13
470 26 4
470 150 4
470 150 14
470 338 171
470 363 48
470 363 4
470 557 48
470 788 48
471 80 12
471 80 4
471 80 0
471 374 12
471 506 -1
471 559 12
471 633 12
471 787 -1
471 842 56
471 994 40
472 226 -1
472 323 -1
472 336 113
472 390 -1
472 453 -1
472 565 -1
472 699 40
472 731 -1
473 504 4
473 717 0
474 42 -1
474 106 -1
474 262 -1
474 288 -1
474 357 -1
474 470 -1
474 582 -1
475 88 4
475 91 38
475 91 40
475 201 4
475 319 4
475 394 4
475 401 40
475 533 -1
475 637 333
476 148 4
476 206 4
476 660 99
476 907 4
476 907 35
477 14 4
477 14 0
477 15 0
477 191 12
477 248 -1
477 356 4
477 452 42
477 452 40
477 541 42
477 604 48
477 604 107
477 714 4
477 899 107
477 912 42
477 912 40
478 62 4
478 105 12
478 105 21
478 105 4
478 185 12
478 205 4
478 205 365
478 230 48
478 248 -1
478 419 -1
478 679 48
478 679 45
478 695 48
478 869 101
479 174 -1
479 207 -1
479 331 4
479 394 4
479 431 4
479 685 0
479 864 4
479 864 0
479 898 273
479 934 4
480 86 87
480 110 -1
480 188 108
480 382 4
480 503 4
480 715 108
481 112 4
481 194 4
481 274 -1
481 345 48
481 365 48
481 365 12
481 479 12
481 489 -1
481 823 12
481 847 12
481 847 4
482 323 -1
482 671 -1
482 842 85
483 50 4
483 50 35
483 178 278
483 178 45
483 408 4
483 858 4
483 858 35
484 60 103
484 228 41
484 228 4
484 228 35
484 232 4
484 246 4
484 246 79
484 384 4
484 384 35
484 831 -1
485 148 12
485 219 12
485 601 -1
485 745 48
485 745 108
485 745 12
485 778 48
485 778 12
485 881 12
485 881 108
486 182 4
486 288 -1
486 329 -1
486 381 107
486 508 4
486 840 -1
487 94 -1
487 138 4
487 138 0
487 188 -1
487 321 48
487 321 40
487 431 48
487 454 138
487 454 45
487 458 4
487 515 4
487 573 41
487 615 41
488 14 4
488 86 4
488 86 35
488 164 126
488 276 4
488 276 40
488 334 12
488 381 800
488 447 0
488 450 126
488 632 4
488 654 12
488 978 40
489 123 -1
489 202 -1
489 367 675
489 424 -1
489 442 -1
489 698 -1
489 739 48
489 859 13
490 6 4
490 6 35
490 19 12
490 172 -1
490 173 12
490 224 -1
490 259 0
490 267 41
490 279 4
490 279 35
490 284 -1
490 405 4
490 430 56
490 500 12
490 500 173
490 799 4
490 799 0
490 799 35
491 101 48
491 473 48
491 506 -1
491 521 48
491 523 4
491 523 0
491 550 4
491 586 -1
491 650 48
491 650 4
492 181 12
492 196 0
492 302 48
492 416 12
492 635 48
492 635 40
492 645 171
493 20 44
493 39 12
493 39 45
493 129 4
493 213 12
493 213 107
493 370 4
493 370 70
493 397 4
493 439 -1
493 524 6
493 799 4
493 799 0
494 22 0
494 138 0
494 261 -1
494 270 -1
494 423 0
494 508 -1
494 699 0
495 105 12
495 105 4
495 108 4
495 159 48
495 212 -1
495 282 4
495 338 12
495 526 -1
495 631 12
495 907 4
496 19 12
496 152 12
496 152 4
496 585 4
496 648 -1
496 665 4
496 695 12
496 695 4
497 211 48
497 322 12
497 322 4
497 375 48
497 375 12
497 700 12
497 700 4
498 6 4
498 172 107
498 381 107
498 416 12
498 416 4
498 418 107
498 418 108
498 509 12
499 165 107
499 176 4
499 199 4
499 640 0
499 733 4
500 8 -1
500 36 -1
500 403 7
500 478 7
500 551 4
500 699 -1
500 704 4
501 239 4
501 239 0
501 300 48
501 300 0
501 310 48
501 310 107
501 399 4
501 399 0
501 401 0
501 401 40
501 414 4
501 417 48
501 473 48
501 473 4
501 473 40
501 504 4
502 56 4
502 166 12
502 166 4
502 166 19
502 224 126
502 319 4
502 319 20
502 430 -1
502 572 48
502 673 48
502 859 4
503 225 48
503 227 4
503 558 48
503 558 65
503 571 0
503 571 65
503 577 12
503 754 4
504 251 412
504 279 35
504 279 40
504 320 13
504 641 -1
504 767 70
504 904 -1
505 374 -1
505 479 -1
505 506 -1
505 717 65
505 759 4
505 799 48
505 847 4
507 45 -1
507 79 12
507 184 12
507 212 -1
507 390 -1
507 392 -1
507 500 12
507 559 12
507 743 -1
507 805 48
507 941 12
508 14 4
508 78 10
508 90 4
508 135 40
508 230 48
508 272 4
508 272 0
508 312 307
508 602 4
508 673 48
509 266 48
509 266 14
509 279 4
509 339 -1
509 368 -1
509 468 48
509 501 4
509 542 4
509 930 113
510 131 4
510 256 67
510 271 -1
510 359 -1
510 842 -1
510 975 4
511 27 14
511 27 35
511 110 -1
511 233 -1
511 255 65
511 335 35
511 665 -1
511 718 48
511 718 14
512 83 -1
512 291 7
512 378 4
512 417 48
512 417 4
512 464 48
512 464 4
512 464 24
512 695 48
512 790 48
512 855 40
513 153 4
513 312 65
513 936 4
513 936 13
513 994 41
514 125 4
515 4 25
515 340 4
515 409 4
515 536 4
515 536 35
515 702 224
515 702 40
515 858 4
516 160 -1
516 485 4
516 546 -1
516 549 4
516 651 4
516 651 1216
516 996 45
517 130 35
517 145 -1
517 221 -1
517 306 14
517 306 0
517 458 35
517 690 56
517 720 44
517 720 0
517 824 56
517 824 35
518 76 48
518 153 269
518 190 108
518 268 -1
518 372 -1
518 599 269
519 123 56
519 200 4
519 200 35
519 472 48
519 472 4
519 534 -1
520 41 41
520 155 12
520 247 -1
520 314 -1
520 373 365
520 578 12
520 698 12
521 36 41
521 123 41
521 123 12
521 165 108
521 333 48
521 333 4
521 471 12
521 479 12
521 890 48
522 280 40
522 337 12
522 502 14
522 502 40
522 502 42
522 638 -1
523 7 43
523 29 4
523 29 72
523 208 108
523 212 -1
523 316 -1
523 372 4
523 559 4
524 28 48
524 28 35
524 55 12
524 122 -1
524 167 35
524 431 48
524 431 12
524 483 48
524 538 -1
524 601 99
525 267 -1
525 426 4
525 546 12
525 886 12
526 20 44
526 134 48
526 134 12
526 144 6
526 203 14
526 203 40
526 250 4
526 282 4
526 289 48
526 326 12
526 366 4
526 390 121
526 527 -1
526 690 48
527 203 -1
527 280 60
527 324 -1
527 525 48
527 525 4
527 631 244
527 713 -1
528 65 -1
528 651 48
528 651 4
528 744 4
529 39 -1
529 63 -1
529 140 48
529 159 48
529 302 48
529 406 4
529 583 48
529 662 48
529 662 40
529 685 40
529 751 4
529 842 -1
529 890 48
530 24 12
530 175 -1
530 435 48
530 440 48
530 567 -1
531 132 4
531 185 12
531 345 12
531 419 10
531 541 42
531 599 4
531 599 56
531 700 12
531 700 4
532 39 12
532 274 0
532 286 48
532 352 4
532 363 48
532 454 12
532 522 48
532 522 12
532 522 278
532 882 -1
533 100 -1
533 257 48
533 274 107
533 772 107
533 820 4
534 411 -1
534 485 11
534 486 192
534 545 171
534 572 -1
534 640 -1
534 668 171
534 774 246
535 104 12
535 124 12
535 169 107
535 465 43
535 494 4
535 799 4
536 26 6
536 242 -1
536 278 -1
536 630 12
536 726 107
537 193 4
537 225 113
537 225 4
537 379 45
537 534 14
537 638 263
537 638 108
538 54 4
538 171 12
538 198 4
538 320 12
538 374 12
538 495 12
538 552 4
538 552 35
538 625 4
538 625 229
538 775 12
538 840 55
538 898 4
538 898 35
538 910 35
538 910 4
538 910 13
539 46 48
539 46 12
539 150 4
539 185 12
539 536 4
539 536 35
539 657 12
540 104 12
540 104 4
540 119 -1
540 864 4
541 158 48
541 158 4
541 158 40
541 190 108
541 260 4
541 335 4
541 369 4
541 466 108
541 506 -1
541 611 108
541 669 4
541 877 388
542 168 -1
542 183 48
542 183 4
542 228 41
542 245 4
542 334 48
542 408 4
542 408 14
542 695 48
542 695 12
543 39 12
543 346 4
543 346 35
543 593 -1
543 613 4
543 613 35
543 932 192
544 270 4
544 270 7
544 354 12
544 399 4
544 399 13
544 520 -1
544 544 12
544 552 4
544 773 -1
545 28 48
545 28 4
545 64 4
545 103 -1
545 181 4
545 216 -1
545 218 56
545 219 4
545 375 48
545 411 48
545 411 56
545 553 4
545 701 -1
545 777 4
545 787 -1
545 835 4
546 499 4
547 36 38
547 37 12
547 389 -1
547 677 12
547 795 38
548 49 4
548 49 35
548 65 70
548 136 95
548 136 70
548 320 108
548 431 48
548 431 35
548 444 201
548 461 35
548 461 4
548 461 14
548 625 4
548 625 70
548 694 48
548 870 108
549 228 12
549 340 48
549 419 -1
549 794 48
550 171 -1
550 258 13
550 368 -1
550 418 126
550 445 -1
550 467 -1
550 670 0
550 765 0
550 869 41
550 870 -1
551 110 12
551 132 -1
551 154 12
551 350 -1
551 388 45
552 226 7
552 226 35
552 226 531
552 279 35
552 534 41
552 534 14
552 546 12
552 628 35
552 916 35
552 926 48
553 12 0
553 90 4
553 90 0
553 90 35
553 98 0
553 183 4
553 217 108
553 500 171
553 514 108
553 602 4
553 641 -1
554 85 48
554 85 108
554 193 -1
554 273 -1
554 316 48
554 347 48
554 460 -1
554 483 48
554 593 108
554 637 0
554 658 -1
554 697 -1
555 42 6
555 42 14
555 197 10
555 197 0
555 216 107
555 228 4
555 228 35
555 235 107
555 267 -1
555 473 48
556 143 48
556 283 -1
556 315 4
556 315 2
556 542 4
556 542 19
557 61 4
557 61 0
557 61 45
557 86 4
557 372 4
557 372 0
557 372 35
557 480 4
557 495 -1
557 610 4
557 672 4
557 684 48
557 870 -1
558 21 4
558 92 2
558 92 0
558 92 35
558 138 4
558 138 35
558 186 12
558 309 4
558 395 6
559 90 4
559 130 4
559 292 -1
560 127 4
560 127 35
560 167 4
560 167 35
560 173 -1
560 188 -1
560 321 4
560 348 4
560 508 4
560 547 4
560 694 4
560 694 35
561 104 -1
561 241 -1
561 323 -1
561 875 -1
562 27 4
562 125 4
562 253 48
562 253 4
562 463 4
562 587 4
562 588 12
562 633 12
562 662 48
563 156 4
563 266 48
563 270 4
563 270 35
563 272 12
563 345 48
563 345 4
563 345 35
563 472 48
563 472 4
563 588 12
563 588 4
563 681 4
563 722 4
564 61 0
564 64 -1
564 394 -1
564 526 56
564 739 56
565 177 -1
565 375 12
565 445 -1
565 657 12
565 659 12
565 934 12
566 9 51
566 9 40
566 38 -1
566 125 354
566 125 4
566 212 -1
566 360 4
566 389 43
566 392 4
566 441 -1
566 629 40
566 916 4
567 253 4
567 454 -1
567 459 4
568 1 -1
568 219 4
568 258 4
568 409 4
568 634 -1
569 36 38
569 38 0
569 38 65
569 334 12
569 372 4
569 372 0
569 383 -1
569 424 12
569 477 12
569 615 38
569 615 40
569 671 12
569 671 0
570 64 218
570 214 7
570 222 -1
570 245 -1
570 283 -1
570 327 -1
570 409 -1
570 497 -1
570 499 7
570 591 -1
570 637 -1
570 689 -1
570 790 -1
570 971 243
571 161 4
571 401 41
571 745 48
571 745 12
571 951 4
572 116 -1
572 522 48
572 538 -1
572 805 48
572 805 4
573 4 -1
573 20 38
573 42 4
573 157 -1
573 191 12
573 201 12
573 201 4
573 322 12
573 322 4
573 322 35
573 518 48
573 518 4
573 518 35
573 571 -1
573 605 4
573 629 -1
573 975 48
573 975 35
574 401 41
574 637 4
574 715 108
574 772 -1
574 779 108
575 36 -1
575 57 48
575 57 0
575 90 4
575 90 14
575 90 0
575 147 53
575 178 12
575 188 65
575 192 4
575 192 0
575 374 12
576 21 75
576 21 4
576 21 70
576 129 4
576 129 35
576 252 4
576 252 35
576 253 48
576 253 35
576 375 48
576 402 4
576 402 35
576 406 0
576 406 35
577 14 -1
577 51 -1
577 138 -1
577 423 -1
577 744 568
578 71 -1
578 465 45
578 634 171
578 649 -1
578 883 243
579 259 355
579 287 -1
579 359 -1
579 705 -1
579 728 -1
579 846 48
579 846 224
579 851 48
580 43 4
580 50 113
580 50 4
580 320 108
580 511 4
580 511 7
580 667 4
580 667 35
580 738 113
580 738 4
580 738 35
580 953 10
580 953 113
581 158 -1
581 191 12
581 444 -1
581 521 82
581 521 56
581 680 -1
582 10 12
582 132 4
582 132 72
582 270 4
582 270 35
582 332 48
582 332 35
582 332 12
582 417 48
582 417 4
582 417 35
582 421 12
582 445 48
582 445 4
582 777 4
582 777 72
582 832 -1
582 872 243
583 74 41
583 163 4
583 239 4
583 258 4
583 271 56
583 331 4
583 424 12
583 430 10
583 463 4
583 512 451
583 512 12
583 515 113
583 515 4
584 33 45
584 98 12
584 122 -1
584 302 12
584 302 108
584 370 13
584 468 12
584 508 -1
585 37 12
585 80 12
585 80 35
585 96 4
585 625 4
586 38 56
586 324 12
586 428 12
586 449 12
586 449 0
586 472 12
586 472 0
586 671 12
586 754 4
587 163 4
587 209 12
587 209 4
587 209 35
587 219 12
587 219 4
587 649 4
587 857 12
587 963 4
587 963 0
588 113 108
588 158 48
588 317 56
588 326 -1
588 693 -1
588 696 56
589 352 4
589 362 48
589 477 12
589 483 48
589 483 4
590 24 -1
590 99 4
590 146 70
590 314 4
590 451 4
590 470 4
590 581 -1
590 629 41
590 640 41
590 681 4
591 1 10
591 136 0
591 144 269
591 144 267
591 175 -1
591 423 341
591 443 35
591 765 10
591 765 0
591 796 35
591 805 -1
592 85 4
592 98 -1
592 137 4
592 139 -1
592 218 2
592 412 -1
592 430 -1
592 467 4
592 467 40
592 479 -1
592 489 67
592 542 4
592 542 19
592 562 4
592 562 35
592 885 4
593 89 12
593 137 4
593 154 12
593 522 48
593 593 -1
594 217 12
594 221 13
594 250 4
594 250 13
594 365 48
594 365 244
594 418 48
594 583 48
594 583 4
594 870 12
594 978 41
595 315 22
595 375 12
595 416 12
595 699 0
595 720 0
595 731 0
595 905 0
595 905 14
596 146 70
596 171 48
596 171 4
596 195 -1
596 196 11
596 475 48
596 588 12
596 588 44
596 596 4
596 664 108
596 785 12
596 829 4
597 56 4
597 56 0
597 59 4
597 92 4
597 92 0
597 211 4
597 211 14
597 242 4
597 342 107
597 397 4
597 397 13
598 39 12
598 96 4
598 163 4
598 247 113
598 247 4
598 312 65
598 333 12
598 373 4
598 419 10
598 550 113
598 550 4
598 550 12
598 655 108
598 779 108
598 976 65
599 42 -1
599 56 0
599 91 41
599 163 -1
599 341 12
599 902 70
600 44 12
600 112 4
600 177 4
600 177 0
600 423 4
601 45 41
601 264 4
601 490 41
601 490 12
601 490 55
601 566 48
601 566 171
601 566 12
601 637 4
601 801 4
602 68 -1
602 199 35
602 343 35
602 343 114
602 693 41
603 97 12
603 116 -1
603 375 12
603 375 4
603 451 4
603 451 7
603 451 72
603 578 12
603 632 4
603 744 4
603 844 12
604 209 12
604 244 -1
604 341 12
604 600 12
605 51 40
605 286 48
605 286 224
605 411 48
605 411 4
605 411 56
605 613 4
606 631 12
606 834 -1
606 886 12
607 29 4
607 87 4
607 276 4
607 419 -1
607 546 12
607 744 4
607 744 13
607 939 126
608 203 14
608 265 -1
608 338 0
608 408 4
608 408 14
608 511 4
608 511 35
608 531 8
608 531 72
608 577 -1
608 596 4
608 596 45
608 630 45
608 672 4
609 2 4
609 90 4
609 90 13
609 138 4
609 138 0
609 256 -1
609 500 12
609 550 12
609 586 -1
609 729 4
610 151 14
610 250 13
610 250 45
610 280 107
610 280 40
610 306 14
610 306 13
610 350 14
610 352 -1
610 470 12
610 470 45
610 497 12
610 539 -1
610 765 -1
610 904 12
611 49 12
611 49 35
611 256 -1
611 349 4
611 491 4
612 35 65
612 143 -1
612 309 35
612 310 -1
612 314 35
612 379 12
612 722 0
613 143 2
613 163 4
613 228 12
613 228 4
613 228 7
613 403 7
613 436 4
613 437 67
613 504 4
613 504 35
613 823 12
613 823 108
614 106 -1
614 246 4
614 259 -1
614 288 -1
614 365 -1
614 459 4
614 475 -1
614 591 -1
614 902 -1
615 20 40
615 63 -1
615 150 4
615 150 0
615 221 107
615 233 40
615 258 4
615 311 107
615 311 108
615 591 12
615 790 4
615 790 40
616 64 4
616 64 35
616 136 4
616 169 62
616 332 48
616 332 35
616 411 48
616 411 4
616 845 48
616 845 4
616 873 4
617 76 12
617 126 192
617 159 12
617 159 4
617 481 4
617 499 4
617 499 7
617 514 12
617 603 -1
617 777 4
617 777 35
617 858 4
617 858 35
617 873 4
618 74 12
618 180 107
618 187 12
618 208 12
618 208 107
618 727 -1
618 823 12
618 823 107
618 886 12
619 24 -1
619 41 40
619 51 40
619 136 4
619 234 -1
619 527 -1
619 599 4
619 603 -1
620 17 12
620 17 56
620 256 -1
620 497 12
621 182 4
621 231 -1
621 299 4
621 491 4
621 500 -1
621 546 -1
622 66 -1
622 80 -1
622 316 278
622 337 67
622 365 -1
622 372 13
622 385 -1
622 468 -1
622 519 13
623 323 13
623 542 75
624 189 35
624 331 35
624 509 12
624 527 67
624 527 308
624 538 -1
624 599 -1
625 4 -1
625 67 12
625 169 -1
625 207 12
625 288 -1
625 313 65
625 333 12
625 333 4
625 333 56
625 333 35
625 412 56
625 412 85
625 422 4
625 491 4
625 720 65
626 56 4
626 136 4
626 220 -1
626 282 281
626 282 4
626 306 281
626 306 4
626 455 4
626 604 -1
626 943 4
627 156 4
627 312 -1
627 360 4
627 360 35
627 449 48
627 449 0
627 537 48
627 537 308
627 692 12
627 692 108
627 833 -1
627 877 -1
628 119 41
628 119 43
628 123 41
628 142 4
628 240 4
628 422 4
628 976 0
629 42 4
629 63 53
629 224 107
629 272 12
629 355 107
629 361 -1
629 460 53
629 565 12
629 721 12
629 764 12
630 207 207
630 207 307
630 207 171
630 212 -1
630 219 4
630 365 777
630 377 4
630 554 307
631 24 12
631 96 4
631 407 48
631 787 108
632 129 14
632 363 48
632 389 40
632 597 40
632 631 -1
632 835 14
633 106 -1
633 290 20
633 299 12
633 299 4
633 612 48
633 612 12
633 619 4
633 700 12
633 700 4
634 13 4
634 162 4
634 182 4
634 231 41
634 267 41
634 335 4
634 335 0
634 370 4
634 370 0
634 497 -1
634 635 4
634 673 107
634 673 108
634 698 4
634 729 4
634 841 41
634 841 40
634 894 41
634 952 41
634 952 40
635 0 4
635 86 4
635 178 12
635 190 108
635 220 48
635 220 171
635 309 4
635 582 12
635 597 0
635 610 4
635 610 20
635 653 482
635 859 4
636 14 0
636 153 0
636 178 12
636 277 -1
636 292 -1
636 296 -1
636 322 12
636 444 -1
636 455 0
636 496 107
636 496 13
636 527 -1
636 570 13
636 588 12
636 588 40
636 804 12
637 130 12
637 130 4
637 275 41
637 275 56
637 282 0
637 282 13
637 432 244
637 519 4
637 526 22
637 526 56
637 630 41
637 630 12
637 630 56
637 632 4
637 744 4
637 744 13
637 858 4
637 858 35
637 921 0
638 46 12
638 161 4
638 301 4
639 81 4
639 95 48
639 148 4
639 148 35
639 397 4
639 397 14
639 520 -1
639 521 48
639 588 4
639 588 40
639 689 48
639 698 4
639 698 35
639 765 0
639 801 4
640 153 48
640 473 48
640 473 381
640 546 -1
640 777 7
640 804 107
640 804 108
641 171 12
641 171 4
641 440 171
641 440 173
641 551 4
642 91 40
642 245 4
642 245 24
642 337 12
642 405 4
642 405 35
642 718 48
643 198 4
643 208 48
643 208 12
643 361 -1
643 549 48
643 549 4
644 83 -1
644 131 101
644 217 103
644 217 108
644 223 99
644 223 146
644 265 -1
644 287 20
644 491 4
644 685 101
645 49 4
645 57 48
645 57 0
645 101 48
646 12 66
646 314 -1
646 387 -1
646 572 48
647 174 43
647 257 48
647 275 99
647 328 -1
647 430 10
647 430 99
647 545 99
647 672 -1
648 109 12
648 109 65
648 110 12
648 217 12
648 217 107
648 343 -1
649 127 4
649 127 0
649 127 35
649 193 4
649 193 35
649 449 48
649 449 0
649 565 -1
649 722 0
649 722 35
650 286 19
650 392 4
650 487 0
650 613 4
650 613 0
650 627 12
650 631 12
650 765 0
650 856 12
650 936 4
651 198 35
651 265 -1
651 287 -1
651 359 -1
651 362 -1
651 396 12
651 689 12
652 19 12
652 212 -1
652 265 41
652 266 4
652 401 41
652 401 44
652 439 -1
653 57 48
653 282 4
653 316 48
653 477 -1
653 503 4
653 525 48
653 525 4
653 525 19
654 30 107
654 69 4
654 107 12
654 495 12
654 587 4
654 665 4
655 145 20
655 155 12
655 155 4
655 199 4
655 256 -1
655 349 307
655 349 4
655 349 56
655 475 12
655 593 307
655 778 12
655 813 4
656 91 38
656 103 108
656 226 4
656 226 7
656 226 35
656 540 4
656 583 4
656 657 56
657 151 4
657 272 12
657 272 4
657 397 4
658 50 113
658 50 4
658 83 -1
658 125 4
658 253 4
658 262 -1
658 339 -1
658 377 4
658 468 12
658 468 4
658 535 12
658 535 4
658 567 229
658 671 12
658 671 4
658 706 -1
659 100 0
659 253 40
659 288 14
659 299 -1
659 688 107
660 190 -1
660 244 24
660 334 12
660 417 40
660 423 -1
660 628 -1
660 714 24
660 714 45
660 958 12
661 125 4
661 248 41
661 259 62
661 574 4
661 577 41
661 600 12
661 600 4
661 621 4
661 621 13
661 698 12
661 698 4
662 8 10
662 361 10
662 497 10
662 498 72
662 498 13
662 546 269
662 696 -1
662 741 6
662 939 107
663 46 12
663 102 43
663 239 4
663 461 4
663 461 35
663 586 -1
663 774 92
664 73 12
664 114 4
664 161 4
664 294 48
664 357 4
664 557 48
664 557 4
664 689 48
664 779 107
665 299 12
665 345 12
665 439 -1
665 490 12
665 535 12
665 631 12
665 654 12
665 671 12
665 676 40
666 195 56
666 201 4
666 259 107
666 542 4
666 568 48
666 568 4
666 637 4
666 637 0
666 767 4
666 804 107
667 14 4
667 14 75
667 43 4
667 43 56
667 54 4
667 54 0
667 141 -1
667 276 4
667 276 40
667 299 4
667 361 -1
667 554 -1
667 584 56
668 121 12
668 210 56
668 335 12
668 335 4
668 335 0
668 374 10
668 408 4
668 511 4
668 511 7
668 531 10
668 804 12
668 804 300
669 140 4
669 140 0
669 309 4
669 354 -1
669 468 4
669 468 0
669 530 4
669 530 0
669 714 4
669 714 0
670 23 12
670 201 12
670 201 0
670 220 48
670 220 35
670 220 12
670 511 35
670 626 48
670 626 12
670 817 0
670 817 40
671 64 4
671 124 -1
671 206 4
671 324 14
671 388 4
671 388 14
671 465 935
671 470 4
671 505 -1
671 514 -1
671 634 -1
671 656 4
671 656 14
671 697 -1
671 885 4
672 21 -1
672 48 -1
672 217 103
672 316 -1
672 363 -1
672 431 -1
672 480 45
672 525 -1
673 1 12
673 1 0
673 16 4
673 16 35
673 156 4
673 201 12
673 201 4
673 444 4
673 782 4
674 191 12
674 197 0
674 278 20
674 349 -1
674 440 -1
674 455 6
674 455 35
674 456 6
674 456 20
674 493 12
674 627 12
674 637 0
674 718 -1
675 39 82
675 267 41
675 269 4
675 322 4
675 417 4
675 696 82
676 67 12
676 191 12
676 207 12
676 520 -1
676 526 -1
676 676 40
676 790 48
677 7 -1
677 74 12
677 274 0
677 276 4
677 285 12
677 290 -1
678 24 12
678 24 107
678 177 0
678 177 4
678 177 14
678 177 20
678 294 48
678 322 12
678 322 4
678 592 12
678 661 -1
678 673 48
678 673 107
678 827 -1
679 132 4
679 184 4
679 210 72
679 232 4
679 266 4
679 357 4
679 392 4
679 668 72
679 734 65
679 874 -1
680 35 48
680 54 4
680 119 38
680 259 108
680 402 4
680 402 35
680 636 -1
680 651 48
680 651 0
681 30 107
681 70 12
681 141 10
681 141 12
681 367 12
681 423 4
681 723 48
682 39 -1
682 278 -1
683 269 4
683 269 7
683 269 0
683 281 333
683 412 -1
683 438 4
683 438 0
683 562 4
683 751 333
683 861 0
683 868 -1
684 192 -1
684 242 45
684 373 -1
684 559 -1
684 745 107
685 331 4
685 530 4
685 676 -1
685 820 12
686 84 48
686 84 67
686 84 263
686 135 -1
686 238 48
686 238 44
686 271 -1
686 311 48
686 447 -1
686 618 -1
687 80 4
687 129 4
687 517 4
687 517 14
687 517 40
687 591 48
687 684 48
688 88 4
688 258 4
688 300 10
688 423 4
688 423 7
688 517 4
688 554 10
688 637 4
689 61 4
689 272 12
689 348 4
689 511 4
689 629 -1
689 639 4
689 649 4
689 695 12
689 695 4
690 33 0
690 87 35
690 208 12
690 216 12
690 252 35
690 388 35
690 458 35
690 458 192
690 460 56
690 608 35
690 972 45
691 77 -1
691 83 -1
691 105 12
691 169 -1
691 244 35
691 325 40
691 380 12
691 522 12
691 575 35
691 627 12
692 89 -1
692 146 107
692 236 35
692 236 75
692 372 35
692 580 35
692 580 75
692 752 -1
692 999 48
693 126 171
693 140 45
693 144 -1
693 193 45
693 379 12
693 433 41
693 502 41
693 793 41
693 981 12
694 151 4
694 151 0
694 273 4
694 273 35
694 328 4
694 385 45
694 633 12
694 893 45
694 893 12
695 10 12
695 10 56
695 131 -1
695 144 72
695 190 -1
695 310 -1
696 27 4
696 147 -1
696 169 107
696 169 108
696 194 6
696 194 35
696 202 6
696 220 35
696 366 4
696 366 108
696 373 6
696 373 4
696 373 35
696 428 -1
696 472 4
696 530 4
696 546 -1
696 881 107
696 934 4
696 960 4
696 960 35
697 72 113
697 72 4
697 164 48
697 316 48
697 667 4
697 667 7
697 759 4
697 831 -1
697 867 12
698 134 12
698 134 4
698 299 12
698 299 4
698 399 4
698 475 12
698 488 12
698 488 4
698 488 35
698 492 -1
698 707 12
698 809 12
698 910 4
698 910 35
699 54 4
699 130 4
699 130 45
699 165 107
699 255 -1
699 282 4
699 471 -1
699 480 4
699 632 4
699 644 4
699 789 40
700 349 4
700 392 4
700 392 14
700 392 13
700 420 4
700 420 0
700 517 4
700 902 -1
701 82 48
701 293 48
701 298 7
701 330 48
701 540 7
701 697 -1
701 731 -1
702 37 56
702 37 45
702 82 13
702 82 45
702 140 45
702 213 -1
702 226 13
702 227 13
702 595 267
702 661 56
702 717 -1
703 28 4
703 48 12
703 48 107
703 123 12
703 235 12
703 264 4
703 264 35
703 392 4
703 567 -1
703 948 4
704 89 12
704 224 -1
704 401 0
704 641 12
705 75 -1
705 212 -1
705 395 70
705 725 4
705 778 12
705 778 52
705 866 12
705 866 70
706 193 4
706 533 -1
706 649 4
706 649 13
706 672 4
707 28 4
707 57 4
707 57 0
707 94 56
707 396 4
707 443 4
707 467 4
707 477 20
707 963 4
708 27 35
708 108 35
708 371 35
708 371 13
708 440 263
708 528 35
708 723 56
708 865 35
709 210 56
709 308 0
709 375 12
710 104 4
710 357 4
710 386 4
710 386 35
710 562 4
710 562 35
710 883 243
710 883 0
711 24 107
711 70 4
711 70 7
711 440 -1
711 465 -1
711 581 -1
711 599 4
711 707 107
711 823 107
712 97 12
712 97 107
712 211 4
712 211 14
712 225 4
712 245 4
712 461 4
712 600 12
712 600 7
712 625 4
712 625 70
712 998 4
713 102 42
713 226 4
713 226 35
714 4 -1
714 83 -1
714 87 4
714 211 4
714 356 4
714 511 4
714 570 4
714 595 4
714 699 40
715 16 4
715 16 79
715 96 4
715 221 -1
715 428 12
715 591 12
715 601 -1
715 619 4
715 699 40
716 176 4
716 221 -1
716 294 -1
716 545 12
716 775 12
716 950 4
716 950 0
717 98 -1
717 236 4
717 236 229
717 238 48
717 238 4
717 347 48
717 367 4
717 396 4
717 575 4
717 672 4
718 2 4
718 60 12
718 142 4
718 567 41
718 577 41
718 592 12
718 637 4
718 637 0
718 775 48
718 788 48
718 788 4
719 162 12
719 162 4
719 162 35
719 192 4
719 192 35
719 218 12
719 267 38
720 41 41
720 90 14
720 113 -1
720 346 14
720 458 -1
720 649 -1
720 661 -1
720 788 224
720 792 41
721 89 12
721 343 4
721 366 4
721 366 108
721 387 4
721 387 45
721 689 12
722 344 35
722 424 35
722 431 35
722 722 0
722 722 35
722 772 125
722 925 99
723 50 4
723 56 4
723 90 4
723 90 0
723 213 48
723 248 -1
723 504 4
723 602 4
723 799 48
723 799 0
724 232 4
724 232 13
724 272 12
724 272 4
724 294 -1
724 394 4
724 498 12
724 498 13
724 818 4
725 26 4
725 239 4
725 279 4
725 489 65
726 48 126
726 162 12
726 235 12
726 329 12
726 483 48
726 483 12
726 485 12
726 546 12
726 656 0
726 777 7
726 970 48
727 65 -1
727 94 91
727 94 85
727 164 212
727 222 -1
727 343 113
727 343 35
727 395 -1
727 436 -1
727 527 308
727 658 -1
728 84 48
728 189 4
728 228 4
728 279 4
728 426 4
728 600 4
728 785 108
729 145 -1
729 306 4
729 321 4
729 331 4
729 331 35
729 361 -1
729 627 12
729 789 101
729 820 12
729 820 4
729 907 4
730 12 12
730 39 12
730 39 56
730 39 150
730 57 12
731 192 4
731 349 4
731 349 7
731 357 4
731 614 92
731 618 56
731 713 1296
732 18 -1
732 28 4
732 114 4
732 269 21
732 269 4
732 308 4
732 452 43
732 572 269
732 583 4
732 930 108
732 950 4
733 158 4
733 243 4
733 276 4
733 276 44
733 283 41
733 347 0
733 412 22
733 504 4
733 504 44
733 710 4
733 722 4
734 331 48
734 398 -1
734 516 65
734 527 65
734 676 -1
735 56 35
735 62 35
735 174 -1
735 183 35
735 223 -1
735 234 -1
735 303 -1
735 311 -1
735 519 35
735 605 35
736 125 4
736 125 13
736 150 4
736 153 4
736 164 126
736 165 0
736 249 12
736 249 4
736 300 10
736 412 56
736 416 12
736 416 4
736 530 4
736 659 10
736 659 4
736 659 12
736 704 4
737 105 4
737 141 11
737 319 4
737 319 35
737 374 11
737 561 -1
737 746 4
737 746 35
737 776 4
737 795 -1
738 79 -1
738 199 4
738 258 4
738 261 373
738 261 4
738 289 108
738 355 108
738 535 4
739 201 12
739 258 -1
739 269 12
739 695 12
740 40 48
740 41 41
740 57 48
740 83 -1
740 169 -1
740 183 48
740 183 4
740 309 4
740 312 -1
740 451 4
740 451 72
740 511 4
740 536 4
740 737 4
740 932 8
740 952 41
740 952 40
741 47 -1
741 185 12
741 448 12
741 490 12
741 491 48
741 491 4
741 941 12
742 64 4
742 197 8
742 410 65
742 477 -1
742 561 65
742 668 173
743 47 0
743 148 12
743 219 12
743 219 4
743 219 35
743 491 4
743 491 2
743 526 -1
743 540 4
743 540 35
744 34 -1
744 77 19
744 147 41
744 299 12
744 511 -1
744 555 243
744 604 12
744 954 41
744 954 40
745 82 13
745 129 -1
745 249 -1
745 286 -1
745 350 -1
745 513 -1
745 515 13
745 775 -1
745 794 13
746 96 4
746 96 78
746 156 4
746 169 -1
746 414 4
746 414 35
746 635 48
746 792 40
747 20 40
747 104 48
747 104 4
747 183 48
747 183 4
747 265 40
747 440 48
747 525 48
747 525 4
747 570 4
747 837 48
747 881 12
748 40 48
748 61 4
748 123 55
748 189 4
748 256 -1
748 284 48
748 394 4
748 414 4
748 461 4
748 492 -1
748 496 -1
748 538 -1
748 551 48
749 7 40
749 306 0
749 320 -1
749 613 7
749 643 -1
750 123 56
750 154 35
750 285 108
750 368 -1
750 824 56
750 824 35
750 996 -1
751 81 4
751 81 256
751 302 12
751 359 -1
751 409 4
751 445 4
751 583 4
752 4 -1
752 14 70
752 72 113
752 158 19
753 97 48
753 97 108
753 169 108
753 203 43
753 203 40
753 302 48
753 319 4
753 528 48
753 578 -1
753 726 -1
753 916 10
753 916 4
754 41 41
754 41 45
754 246 4
754 305 4
754 401 41
754 401 0
754 467 4
754 533 -1
754 570 4
754 570 45
754 672 4
754 894 41
755 9 12
755 9 52
755 43 -1
755 96 35
755 226 14
755 282 14
755 282 35
755 440 263
755 574 19
755 598 263
755 598 35
755 627 12
756 94 12
756 94 56
756 141 12
756 290 -1
756 436 4
756 524 7
756 618 41
757 144 4
757 183 21
757 183 4
757 354 12
757 355 -1
757 725 4
757 725 20
758 120 4
758 190 -1
758 197 10
758 303 45
758 482 -1
758 572 -1
758 601 45
758 627 45
759 70 4
759 137 4
759 202 7
759 207 7
759 358 -1
759 417 4
759 417 224
759 417 40
759 448 -1
759 542 4
759 697 -1
760 170 -1
760 193 4
760 201 4
760 307 243
760 425 243
760 425 67
760 453 -1
760 595 4
760 636 243
760 665 4
761 13 4
761 24 -1
761 50 4
761 50 13
761 109 48
761 215 56
761 303 56
761 360 4
761 362 48
761 362 4
761 378 4
761 697 -1
762 1 12
762 37 12
762 101 -1
762 210 -1
762 211 4
762 211 14
762 286 -1
762 439 -1
762 589 4
762 916 4
763 76 48
763 102 87
763 102 40
763 205 4
763 259 -1
763 340 48
763 340 35
763 457 -1
763 544 -1
763 587 87
763 604 48
763 605 4
763 680 48
764 67 12
764 164 107
764 233 -1
764 353 99
764 355 107
764 396 12
764 398 12
764 398 82
764 662 4
764 717 0
765 44 22
765 191 -1
765 567 -1
765 669 4
766 224 48
766 283 519
766 330 48
766 341 4
766 463 4
766 495 -1
767 64 12
767 64 4
767 71 4
767 465 -1
767 518 12
767 518 4
767 518 14
767 544 12
767 643 4
767 793 -1
768 166 -1
768 245 -1
768 331 48
768 331 35
768 401 101
768 830 99
769 163 4
769 163 99
769 189 4
769 450 107
769 507 107
770 9 12
770 126 -1
770 242 7
770 242 20
770 442 -1
770 827 7
770 827 146
770 901 41
770 964 12
771 158 40
771 406 45
771 462 40
772 50 4
772 50 13
772 502 40
773 58 0
773 189 113
773 193 45
773 271 45
773 360 75
773 378 0
773 517 -1
773 562 -1
773 590 45
774 73 12
774 79 12
774 90 4
774 90 14
774 225 48
774 225 4
774 225 14
774 261 4
774 319 4
774 319 35
774 586 -1
775 22 35
775 276 35
775 314 113
775 314 35
775 348 48
775 352 7
775 378 99
775 406 35
775 655 48
775 930 113
776 124 12
776 150 -1
776 350 35
776 448 12
776 771 35
776 853 41
776 853 40
777 70 4
777 70 7
777 221 107
777 286 48
777 405 4
777 640 7
778 140 4
778 140 0
778 255 -1
778 438 4
778 438 0
778 495 -1
778 605 4
778 700 4
778 700 35
778 759 4
779 28 4
779 104 12
779 139 12
779 269 12
779 269 4
779 301 4
779 301 35
779 419 -1
779 420 4
779 787 -1
780 144 4
780 793 41
781 148 12
781 148 35
781 159 12
781 201 12
781 201 0
781 207 12
781 281 4
781 281 14
781 329 269
781 404 12
781 404 35
781 499 219
781 545 12
781 545 99
781 568 4
781 581 -1
782 75 -1
782 243 4
782 290 45
782 403 -1
782 556 4
782 556 35
782 710 12
782 710 35
782 822 -1
783 154 337
783 154 0
783 154 12
783 175 41
783 175 222
783 352 -1
783 371 35
783 371 20
783 706 41
783 706 0
783 785 12
784 205 365
784 226 -1
784 272 -1
784 395 70
784 842 56
785 11 12
785 11 0
785 121 48
785 168 -1
785 309 4
785 400 48
785 471 12
786 397 4
786 447 22
786 451 4
786 451 35
786 514 12
786 754 4
787 244 4
787 246 12
787 258 4
787 258 35
787 288 70
787 297 12
787 297 4
787 440 -1
787 642 4
787 642 35
787 657 12
787 844 12
788 43 4
788 43 2
788 73 4
788 228 4
788 719 11
789 201 12
789 228 12
789 305 354
789 352 95
789 396 12
789 410 -1
789 524 -1
789 551 48
789 551 35
789 652 40
790 61 4
790 148 12
790 157 -1
790 165 107
790 270 4
790 284 126
790 300 -1
790 563 12
790 572 -1
791 79 -1
791 377 4
791 377 35
791 377 40
791 451 4
791 451 35
791 630 -1
791 707 -1
791 748 40
791 772 -1
791 831 -1
791 837 48
792 98 12
792 98 107
792 98 0
792 118 12
792 118 4
792 185 12
792 315 201
792 345 12
792 345 4
792 383 201
792 383 10
792 412 56
792 458 4
792 554 10
792 698 12
792 698 4
793 19 4
793 58 203
793 58 35
793 71 4
793 127 4
793 328 4
793 345 4
793 348 4
793 411 4
793 959 4
793 959 35
794 54 4
794 148 4
794 148 35
794 165 226
794 338 -1
794 492 -1
794 531 13
794 846 48
794 856 48
794 913 48
794 913 4
794 913 35
795 39 12
795 39 85
796 101 108
796 426 4
796 538 -1
796 571 -1
796 820 4
797 23 -1
797 95 -1
797 245 4
797 345 4
797 372 4
797 870 -1
798 13 -1
798 145 6
798 145 243
798 205 -1
798 247 -1
798 290 -1
798 327 75
798 397 -1
798 643 -1
799 195 56
799 195 0
799 195 45
799 200 4
799 200 45
799 226 4
799 275 53
799 378 12
799 378 4
799 378 0
799 397 4
799 988 -1
800 61 4
800 125 4
800 125 0
800 141 12
800 167 4
800 265 605
800 266 366
800 266 4
800 354 12
800 384 4
800 384 0
800 393 -1
800 686 48
800 847 12
801 109 -1
801 177 20
801 255 13
801 309 35
801 378 35
801 502 40
801 557 44
801 887 13
802 107 12
802 107 108
802 159 12
802 261 -1
802 312 307
802 341 12
802 351 12
802 383 -1
803 110 12
803 110 45
803 133 113
803 141 12
803 141 45
803 225 48
803 331 48
803 331 22
803 516 -1
804 112 4
804 112 0
804 130 4
804 130 35
804 131 4
804 131 0
804 131 40
804 440 171
804 490 0
804 534 40
805 14 4
805 40 4
805 40 7
805 179 4
805 203 -1
805 317 -1
805 359 -1
805 374 12
805 415 12
805 546 12
805 651 4
805 657 12
805 665 4
805 693 -1
805 920 4
805 920 95
806 12 12
806 12 0
806 53 12
806 53 45
806 281 4
806 324 41
806 382 4
806 405 4
806 405 0
806 477 12
806 512 12
806 754 4
806 842 -1
806 861 41
806 861 0
807 30 121
807 63 41
807 63 45
807 102 41
807 119 41
807 140 4
807 140 0
807 140 45
807 189 4
807 189 171
807 189 35
807 189 45
807 224 45
807 252 4
807 351 -1
807 654 4
807 654 0
807 671 4
807 671 0
807 671 35
808 23 0
808 64 4
808 64 35
808 200 4
808 312 -1
808 365 48
808 385 48
808 442 -1
808 459 4
809 8 12
809 8 0
809 188 -1
809 302 12
809 695 12
810 155 4
810 315 4
810 465 -1
810 516 -1
810 524 99
810 572 -1
811 193 4
811 339 72
811 398 12
811 402 4
811 716 48
811 716 4
812 10 41
812 447 -1
812 536 4
812 560 48
812 659 12
812 790 41
812 790 40
813 169 108
813 268 -1
813 604 48
813 604 108
813 691 108
814 21 4
814 149 55
814 177 113
814 177 4
814 462 4
814 462 14
814 495 10
814 552 4
814 866 4
815 67 -1
815 156 4
815 408 4
815 408 14
815 408 70
815 444 4
815 561 65
815 970 4
816 61 4
816 94 12
816 234 -1
816 578 12
816 585 4
816 900 4
817 80 4
817 83 65
817 127 4
817 419 -1
817 432 -1
817 779 13
818 8 12
818 26 4
818 64 12
818 125 4
818 125 35
818 395 244
818 448 12
818 526 -1
818 527 7
819 654 4
819 654 171
820 113 -1
820 423 4
820 492 -1
820 494 4
820 494 13
820 511 4
820 600 4
820 654 4
821 18 0
821 700 12
822 21 4
822 21 72
822 46 4
822 81 4
822 181 4
822 567 41
822 654 4
822 654 171
822 699 -1
822 772 107
822 772 20
823 356 4
823 356 229
823 481 4
823 481 229
823 574 4
823 580 4
823 689 4
823 820 4
824 91 40
824 289 48
824 289 108
824 332 48
824 405 4
824 405 7
824 459 4
824 480 4
824 480 56
824 497 12
824 553 4
824 553 14
824 600 12
824 606 12
824 656 4
824 784 12
824 784 4
825 167 21
825 321 40
825 347 -1
825 541 41
825 556 -1
825 569 12
825 649 7
826 56 4
826 61 4
826 70 12
826 70 4
826 124 12
826 207 12
826 261 4
826 338 12
826 583 4
826 587 4
826 930 13
827 62 4
827 123 -1
827 564 48
827 564 224
828 44 -1
828 265 -1
828 329 -1
828 831 -1
829 188 -1
829 234 -1
829 341 12
829 460 41
829 549 48
829 549 35
829 571 40
829 619 4
829 762 41
830 153 -1
830 164 212
830 187 12
830 218 12
830 397 13
830 471 12
830 539 -1
830 897 -1
831 374 -1
831 562 -1
832 12 -1
832 244 4
832 244 24
832 244 56
832 244 35
832 372 4
832 372 35
832 372 13
832 372 45
832 378 4
832 501 4
832 501 35
832 501 45
832 632 4
832 996 45
833 140 -1
833 279 -1
833 340 -1
833 604 12
833 653 87
833 734 -1
833 907 7
834 0 -1
834 41 40
834 181 35
834 197 45
834 405 72
834 501 35
834 501 45
834 698 35
834 886 45
835 179 4
835 197 0
835 200 4
835 200 35
835 200 45
835 449 0
835 654 4
835 654 0
835 694 4
835 694 35
835 722 4
835 817 4
835 817 0
835 820 4
835 905 4
835 905 45
835 950 4
836 104 4
836 270 4
836 270 7
836 307 -1
836 333 4
836 427 -1
837 18 0
837 27 4
837 454 12
837 782 4
837 782 307
837 802 4
837 802 35
838 140 4
838 261 4
838 279 4
838 415 12
838 456 4
839 47 -1
839 142 4
839 304 -1
839 478 -1
839 540 4
839 835 4
840 362 48
840 767 4
841 81 4
841 81 40
841 136 4
841 136 70
841 227 4
841 269 87
841 269 4
841 269 0
841 384 4
841 384 0
841 384 70
841 462 6
841 462 4
841 582 108
842 65 -1
842 264 4
842 299 12
842 382 4
842 382 14
842 391 4
842 391 14
842 588 12
842 642 4
842 808 -1
842 932 -1
843 94 12
843 94 85
843 123 12
843 150 4
843 208 48
843 208 12
843 276 4
843 296 -1
843 387 4
843 387 35
843 429 -1
843 584 12
843 584 85
843 628 4
843 628 35
843 628 70
843 767 4
843 910 4
844 5 -1
844 155 -1
844 304 41
844 305 354
844 370 35
844 382 14
844 431 24
844 431 35
844 463 35
844 468 24
844 500 -1
845 199 4
845 245 4
845 325 -1
845 354 12
845 531 13
845 544 12
845 604 12
845 817 4
845 835 4
846 13 12
846 35 -1
846 38 56
846 80 12
846 695 12
846 695 4
847 3 -1
847 245 -1
847 272 -1
847 376 -1
847 541 41
847 610 -1
847 673 48
847 912 41
848 63 45
848 142 4
848 142 35
848 285 107
848 285 45
848 499 4
848 499 35
848 549 48
848 577 -1
848 763 107
848 763 108
848 796 4
849 47 7
849 147 7
849 325 -1
849 614 10
849 673 294
850 16 6
850 16 0
850 30 -1
850 47 0
850 131 0
850 347 10
850 526 -1
850 679 -1
850 713 -1
851 129 14
851 228 12
851 303 107
851 303 56
851 415 12
851 743 35
851 904 12
852 105 0
852 161 113
852 173 -1
852 426 -1
852 582 -1
852 696 -1
853 37 12
853 177 4
853 184 12
853 184 56
853 419 -1
853 563 12
853 601 56
853 849 4
853 849 224
854 58 4
854 58 0
854 568 48
854 568 4
854 595 4
854 689 48
854 716 48
855 15 7
855 108 4
855 559 12
855 688 -1
855 765 56
856 32 4
856 32 35
856 111 -1
856 230 4
856 230 35
856 252 176
856 563 65
856 653 -1
856 767 4
857 39 12
857 198 0
857 319 0
857 319 13
857 362 48
857 467 48
857 524 0
857 689 48
857 689 12
857 891 12
857 891 0
858 14 0
858 52 55
858 155 12
858 208 12
858 208 107
858 217 12
858 217 107
858 521 56
858 578 12
858 652 40
858 983 12
859 211 48
859 211 4
859 211 35
859 484 0
859 653 -1
860 231 45
860 323 -1
860 448 45
861 127 4
861 509 12
861 650 4
861 695 12
861 695 4
861 848 12
862 7 38
862 92 4
862 176 4
862 176 7
862 200 4
862 448 108
862 604 108
862 605 280
862 605 4
862 635 4
862 940 4
863 11 4
863 11 35
863 95 -1
863 138 4
863 138 35
863 258 4
863 258 35
863 267 38
863 292 31
863 658 -1
863 692 107
863 709 -1
864 212 -1
864 280 107
864 662 48
864 662 118
864 692 107
864 699 0
864 736 7
864 736 0
864 759 -1
864 805 48
864 805 7
864 846 48
865 146 70
865 274 0
865 274 598
865 462 4
865 462 40
865 774 246
865 824 4
865 824 35
866 6 4
866 77 6
866 112 6
866 818 4
866 943 12
866 943 4
867 35 48
867 68 48
867 140 48
867 244 4
867 278 243
867 283 -1
867 310 48
867 369 4
867 460 -1
867 715 12
867 887 13
867 964 48
867 964 12
868 3 4
868 135 41
868 135 40
868 244 4
868 244 35
868 337 -1
868 380 99
868 394 4
868 677 0
868 921 269
868 921 0
869 102 43
869 351 12
869 734 0
869 734 40
869 797 6
869 891 12
869 891 0
870 22 4
870 292 41
870 372 4
870 436 4
870 464 4
870 499 4
870 636 -1
870 698 12
870 925 -1
871 37 12
871 52 41
871 62 4
871 239 4
871 301 4
871 523 4
871 618 41
871 753 -1
872 158 -1
872 255 13
872 258 13
872 420 0
873 19 12
873 148 12
873 151 6
873 151 4
873 197 -1
873 219 6
873 219 12
873 251 12
873 251 99
873 287 -1
873 336 4
873 458 4
873 628 4
873 628 70
873 644 4
874 255 65
874 833 -1
875 239 13
875 268 -1
875 292 -1
875 525 -1
875 562 -1
875 777 70
875 840 -1
876 63 53
876 382 -1
876 471 -1
876 593 45
876 881 -1
877 16 4
877 97 12
877 102 -1
877 201 12
878 28 35
878 146 -1
878 259 -1
878 337 -1
878 403 -1
878 492 -1
878 516 -1
878 639 -1
878 778 35
879 91 -1
879 119 -1
879 180 108
879 190 108
879 190 125
879 220 48
879 963 4
880 104 48
880 104 35
880 115 48
880 115 35
880 115 40
880 237 48
880 237 4
880 286 48
880 445 48
880 606 12
880 826 56
881 8 12
881 61 4
881 367 12
881 399 4
881 401 40
881 699 40
881 718 -1
881 751 4
882 250 -1
882 328 -1
882 410 -1
882 464 48
882 533 -1
882 766 -1
882 901 41
883 111 107
883 174 41
883 174 45
883 466 107
883 610 -1
884 53 12
884 291 7
884 455 6
884 455 4
884 455 7
884 614 10
884 684 48
884 694 48
884 694 4
884 694 12
884 898 4
884 898 35
885 187 113
885 199 4
885 277 48
885 277 67
885 348 48
885 350 4
885 599 4
885 759 4
886 10 12
886 81 4
886 589 4
886 653 -1
886 668 -1
886 756 0
887 2 4
887 81 4
887 158 4
887 340 4
887 383 10
887 712 107
887 712 13
887 712 310
888 22 -1
888 54 7
888 56 7
888 268 11
888 300 11
888 436 14
888 462 14
888 591 12
888 677 12
888 978 -1
888 998 -1
889 77 4
889 148 12
889 148 4
889 148 35
889 266 48
889 266 4
889 266 35
889 314 4
889 314 35
889 417 48
889 417 4
889 417 40
889 642 4
890 137 35
890 137 45
890 254 35
890 412 -1
890 699 0
890 706 14
890 706 0
890 759 14
890 789 -1
891 95 48
891 240 4
891 251 12
891 298 4
891 366 4
891 473 48
891 473 4
891 684 48
892 298 4
892 298 35
892 307 12
892 544 12
892 544 82
892 596 4
892 596 45
892 764 12
892 764 45
892 902 -1
893 10 12
893 10 53
893 10 0
893 32 12
893 85 -1
893 108 -1
893 259 0
893 440 171
893 448 12
893 898 -1
894 114 4
894 137 4
894 404 12
894 404 4
894 853 -1
895 13 12
895 136 0
895 183 48
895 185 12
895 185 0
895 335 12
895 467 48
895 526 -1
896 120 4
896 120 40
896 141 -1
896 195 -1
896 196 -1
896 314 113
897 105 12
897 143 -1
897 160 12
897 194 4
897 229 12
897 332 12
897 414 4
897 443 4
897 463 4
897 463 70
897 577 12
897 682 4
898 210 -1
898 301 4
898 333 12
898 403 -1
898 713 12
898 799 4
899 127 35
899 138 35
899 147 41
899 147 99
899 147 53
899 275 41
899 275 99
899 275 53
899 275 56
899 374 10
899 375 35
899 458 35
899 569 10
899 581 40
899 631 -1
899 652 41
899 652 40
899 728 -1
899 752 40
899 857 -1
899 916 10
899 916 35
899 955 41
900 178 -1
900 187 -1
900 386 -1
900 406 -1
900 436 -1
900 654 -1
900 681 -1
900 829 -1
900 855 41
900 920 -1
901 35 48
901 127 4
901 200 4
901 405 4
901 529 -1
901 578 -1
901 959 4
902 94 85
902 206 4
902 315 4
902 317 42
902 542 4
902 659 4
902 726 -1
903 122 -1
903 226 35
903 311 -1
903 397 35
903 400 -1
903 412 -1
903 434 10
903 511 35
903 635 35
903 668 -1
903 744 35
904 94 12
904 390 121
904 410 -1
904 427 308
904 438 4
904 438 0
904 788 4
904 788 19
905 19 12
905 41 41
905 277 48
905 384 4
905 467 48
905 467 4
905 564 126
905 564 48
906 185 -1
906 201 4
906 309 4
906 439 -1
906 478 6
906 931 -1
907 200 -1
907 282 0
907 346 -1
907 387 -1
907 442 -1
907 466 107
907 630 41
907 799 0
907 817 0
907 817 40
907 829 -1
908 86 4
908 414 4
908 478 -1
908 654 12
908 776 4
908 776 0
908 776 75
909 9 4
909 34 4
909 95 72
909 223 -1
909 288 -1
909 480 4
909 484 -1
909 680 4
910 15 77
910 27 4
910 34 48
910 34 4
910 54 4
910 68 48
910 68 107
910 68 62
910 131 4
910 131 2
910 179 4
910 284 48
910 284 107
910 615 43
911 9 12
911 67 103
911 67 12
911 155 12
911 155 4
911 213 12
911 252 4
911 358 45
911 454 12
912 183 4
912 183 7
912 183 35
912 381 -1
912 600 4
912 600 7
912 813 4
912 813 35
912 813 75
913 222 12
913 514 12
913 697 12
913 697 19
913 700 12
913 700 4
914 46 48
914 46 4
914 134 48
914 188 -1
914 256 -1
914 429 -1
914 515 4
914 840 -1
915 301 14
915 301 0
915 447 0
915 466 107
915 496 107
915 505 269
915 624 269
915 671 0
916 70 12
916 70 4
916 73 12
916 73 4
916 319 4
916 430 11
916 435 4
916 506 307
916 645 22
916 778 113
916 778 4
917 105 12
917 105 4
917 105 0
917 187 113
917 187 0
917 187 12
917 286 48
917 448 12
917 448 45
917 667 4
917 729 4
917 911 48
918 45 56
918 153 4
918 160 56
918 232 4
918 232 13
918 259 13
918 277 -1
918 278 -1
918 299 4
918 304 -1
918 324 -1
918 348 4
918 468 4
918 559 4
918 559 44
918 559 40
919 491 48
919 645 173
919 672 4
919 685 0
919 685 40
920 13 12
920 13 4
920 47 -1
920 154 12
920 185 12
920 395 -1
920 407 4
920 407 40
920 423 341
920 426 4
920 694 12
920 731 4
921 173 12
921 252 4
921 281 4
921 386 4
921 585 4
921 585 22
921 585 2
921 699 65
921 699 40
921 766 -1
922 76 48
922 76 224
922 109 48
922 109 12
922 109 65
922 225 48
922 225 224
922 240 4
922 368 12
922 558 48
922 626 48
922 626 65
923 54 -1
923 137 45
923 161 -1
923 333 45
923 459 45
923 583 -1
923 673 -1
923 688 -1
924 96 4
924 318 48
924 322 4
924 436 4
924 476 4
924 506 171
924 519 48
924 519 4
924 584 -1
925 1 7
925 136 4
925 228 4
925 228 7
925 326 243
925 420 4
925 420 7
925 420 35
926 38 67
926 100 -1
926 167 -1
926 278 243
926 298 -1
926 463 70
926 463 75
926 586 243
927 103 12
927 273 -1
927 744 -1
927 916 10
928 75 -1
928 147 56
928 249 -1
928 313 -1
928 373 -1
928 558 224
928 623 40
929 39 12
929 119 38
929 122 4
929 242 4
929 252 4
929 287 18
929 341 12
929 341 4
929 341 35
929 343 4
929 553 4
929 700 12
929 700 4
929 700 35
929 708 0
929 768 48
929 768 12
930 187 4
930 258 4
930 353 -1
930 457 -1
930 484 -1
931 24 12
931 88 12
931 88 4
931 88 35
931 276 4
931 276 35
931 276 40
931 278 -1
931 347 48
931 358 85
931 488 12
931 488 4
931 612 48
931 612 12
932 361 -1
932 468 48
932 468 4
932 468 35
932 520 107
932 556 4
932 556 35
932 603 41
933 30 -1
933 66 -1
933 140 4
933 173 12
933 195 56
933 459 4
933 550 12
933 719 -1
933 728 -1
934 13 12
934 62 4
934 147 56
934 203 56
934 203 40
934 231 -1
934 324 12
934 472 12
934 472 4
934 563 12
934 656 4
935 81 4
935 93 12
935 93 35
935 218 12
935 320 12
935 320 107
935 320 108
935 351 12
935 373 4
935 473 4
935 558 -1
935 844 12
936 244 4
936 251 12
936 251 7
936 253 4
936 699 0
936 833 -1
936 843 4
936 920 4
936 920 95
936 920 75
937 37 12
937 73 12
937 211 48
937 211 4
937 344 48
937 344 4
937 602 4
938 94 12
938 94 56
938 142 4
938 355 107
938 705 107
938 772 107
938 814 4
938 814 35
938 934 12
938 934 35
939 17 12
939 57 48
939 57 0
939 140 48
939 140 0
939 146 107
939 283 -1
939 305 4
939 831 -1
939 939 48
940 61 45
940 112 -1
940 604 48
940 604 12
941 35 67
941 189 4
941 753 -1
942 108 28
942 205 -1
942 219 531
942 618 55
943 0 4
943 216 -1
943 248 41
943 279 4
943 292 41
943 401 41
943 515 4
943 623 -1
943 627 108
943 784 4
943 784 35
943 873 4
944 208 106
944 208 12
944 345 12
944 345 35
944 348 4
944 364 -1
944 370 4
944 484 -1
944 488 12
944 496 107
944 689 207
944 689 4
944 823 12
945 64 12
945 197 7
945 420 4
945 420 7
945 420 35
945 630 12
946 111 13
946 176 4
946 340 48
946 340 4
946 536 4
946 536 13
947 129 4
947 129 35
947 231 -1
947 243 4
947 243 35
947 385 -1
947 394 4
947 394 75
947 444 4
947 723 4
947 723 56
947 723 35
948 142 4
948 209 4
948 216 -1
948 228 4
948 270 4
948 274 0
948 274 13
948 382 4
948 382 19
948 400 48
948 452 19
948 653 -1
948 739 48
948 739 56
949 62 4
949 62 35
949 89 12
949 124 12
949 174 40
949 225 48
949 225 4
949 225 35
949 249 48
949 249 4
949 249 35
949 263 -1
949 315 4
949 538 -1
949 900 48
949 900 4
950 144 4
950 372 4
950 372 0
950 382 4
950 535 4
950 598 4
950 731 4
950 731 0
951 20 -1
951 120 35
951 183 48
951 215 -1
951 255 13
951 321 48
951 380 12
951 557 48
951 557 35
951 623 0
951 728 85
952 65 6
952 82 107
952 93 12
952 93 4
952 175 6
952 316 12
952 335 12
952 420 4
952 441 -1
952 528 12
952 528 4
952 704 4
952 870 12
952 870 107
953 116 201
953 447 -1
953 534 -1
953 671 12
953 856 12
953 866 12
954 287 -1
954 309 70
954 343 113
954 377 45
954 382 70
954 447 0
954 571 0
954 579 12
954 900 48
955 84 -1
955 94 12
955 158 4
955 306 4
955 436 333
955 470 12
955 470 45
955 654 12
955 706 40
956 194 4
956 365 12
956 566 12
956 635 4
956 635 35
956 657 12
956 701 -1
957 182 12
957 252 -1
957 420 75
957 597 -1
958 110 12
958 120 4
958 122 4
958 211 4
958 235 12
958 235 107
958 369 4
958 461 4
959 178 244
959 178 45
959 182 0
959 262 -1
959 422 6
959 422 35
959 462 6
959 515 35
959 881 108
960 106 -1
960 410 -1
960 562 48
960 663 4
960 694 48
960 694 12
960 922 4
960 922 35
961 54 4
961 54 0
961 249 48
961 249 4
961 249 12
961 266 48
961 309 4
961 325 108
961 491 48
961 496 -1
961 662 48
961 736 4
961 846 48
961 846 108
962 78 -1
962 232 4
962 328 4
962 762 -1
962 782 4
962 782 121
963 2 4
963 22 4
963 22 0
963 292 -1
963 307 65
963 396 4
963 396 7
963 396 95
963 419 -1
963 639 4
963 639 0
963 673 -1
963 872 65
963 881 -1
964 49 12
964 49 4
964 61 4
964 63 -1
964 120 4
964 197 -1
964 218 12
964 246 12
964 246 4
964 448 12
964 472 48
964 472 35
964 475 48
964 593 99
964 604 48
964 604 108
965 24 103
965 24 12
965 50 4
965 64 12
965 103 12
965 200 4
965 207 12
965 292 45
965 434 12
965 434 99
965 586 65
966 30 -1
966 89 12
966 102 41
966 104 48
966 104 4
966 104 35
966 599 4
966 805 48
967 120 4
967 120 40
967 272 12
967 272 0
967 294 48
967 315 4
967 318 48
967 318 4
967 628 4
967 728 -1
967 934 12
967 934 4
968 35 137
968 35 67
968 201 4
968 343 113
968 343 4
968 368 67
969 69 0
969 131 0
969 269 12
969 269 0
969 484 0
969 484 40
969 612 113
969 627 12
969 627 107
969 693 40
970 69 4
970 319 4
970 319 35
970 697 12
970 772 -1
971 286 -1
971 440 229
971 578 -1
971 603 229
971 612 -1
971 648 -1
971 773 -1
971 818 4
971 916 4
972 72 35
972 230 48
972 236 35
972 236 70
972 336 48
972 336 35
972 522 48
972 522 56
972 522 12
972 684 48
972 765 56
972 771 48
972 801 49
973 465 -1
973 467 4
973 529 -1
973 643 4
973 643 14
973 643 35
973 835 4
974 146 70
974 155 12
974 155 4
974 357 4
974 357 70
974 357 75
974 539 4
974 840 -1
975 147 41
975 179 70
975 220 12
975 353 65
975 366 108
975 370 70
975 440 -1
975 535 41
975 627 12
975 627 108
976 50 4
976 204 126
976 211 4
976 251 -1
976 261 4
976 262 65
976 378 4
976 431 4
976 431 35
976 835 4
976 933 -1
977 195 0
977 212 -1
977 230 -1
977 256 -1
977 394 -1
977 412 -1
977 421 12
977 421 0
977 440 -1
977 586 -1
977 656 0
978 5 12
978 5 0
978 244 24
978 259 108
978 312 243
978 385 108
978 445 19
978 445 40
978 457 41
978 867 41
979 19 12
979 75 48
980 125 4
980 235 107
980 434 -1
980 495 -1
980 790 41
980 790 40
981 105 4
981 105 2
981 184 4
981 280 2
981 355 -1
981 361 10
981 361 45
981 404 4
981 435 87
981 435 4
981 551 48
981 551 4
981 732 48
981 812 10
982 254 48
982 502 41
982 656 -1
982 821 -1
982 833 41
983 116 201
983 209 12
983 209 4
983 601 -1
983 659 10
983 659 4
983 698 12
984 243 4
984 634 48
984 748 41
985 4 0
985 217 -1
985 351 -1
985 375 4
985 399 4
985 399 14
985 399 0
985 535 4
986 34 4
986 34 7
986 191 -1
986 231 7
986 355 106
986 519 4
986 519 35
986 536 4
986 536 13
986 605 4
987 147 41
987 288 6
987 288 14
987 325 108
987 447 6
987 515 4
987 515 14
988 82 126
988 82 48
988 107 -1
988 116 41
988 206 4
988 289 126
988 306 4
988 306 14
988 387 4
988 387 14
988 457 41
988 653 -1
988 684 48
989 96 -1
989 179 -1
989 303 -1
989 435 14
989 473 40
989 529 -1
989 623 40
989 721 -1
990 128 -1
990 183 4
990 183 7
990 259 -1
990 346 4
990 479 12
990 479 56
990 486 4
990 494 4
990 551 4
990 559 12
991 47 0
991 64 12
991 64 35
991 80 12
991 80 0
991 80 35
991 171 48
991 171 12
991 171 412
991 224 48
991 255 -1
991 319 0
991 345 48
991 345 12
991 392 14
991 419 -1
991 534 14
991 589 35
992 27 7
992 53 12
992 192 -1
992 346 -1
992 472 12
992 475 12
992 540 7
993 18 -1
993 125 354
993 137 4
993 219 12
993 238 4
993 238 35
993 240 4
993 385 107
993 409 4
993 409 40
993 503 4
993 593 107
993 855 12
993 989 4
994 293 -1
994 380 12
994 380 171
994 395 278
994 468 12
995 29 4
995 97 12
995 97 108
995 276 4
995 476 4
996 96 4
996 167 4
996 304 41
996 304 70
996 717 40
996 881 -1
997 23 -1
997 211 48
997 585 4
997 585 91
997 849 48
997 849 4
998 41 43
998 66 -1
998 112 4
998 166 12
998 478 482
998 528 12
998 528 35
998 566 12
998 566 171
998 581 171
998 686 -1
998 840 -1
999 15 7
999 110 -1
999 155 4
999 155 99
999 196 7
999 214 4
999 446 7
999 539 4
999 539 7
999 736 4
999 776 4
999 776 14
