4 83 45
4 125 4
4 345 12
4 345 4
4 512 12
4 512 107
4 683 107
4 686 6
4 690 -1
4 774 -1
4 915 4
4 959 4
5 57 48
5 57 4
5 57 171
5 57 0
5 57 12
5 144 4
5 352 4
5 352 70
5 352 229
5 385 48
5 391 4
5 391 14
5 391 35
5 592 12
5 604 48
5 604 12
5 619 4
5 619 35
5 619 70
5 619 229
5 868 48
5 908 4
5 908 35
15 99 4
15 99 40
15 199 4
15 199 14
15 257 67
15 328 4
15 439 72
15 481 4
15 506 -1
15 664 -1
15 709 40
15 729 4
20 19 14
20 19 40
20 26 -1
20 38 0
20 173 -1
20 449 0
20 457 519
20 462 14
20 462 40
20 514 99
20 525 14
20 525 35
20 548 40
24 98 107
24 128 48
24 169 107
24 302 48
24 302 107
24 608 48
24 608 4
24 608 14
24 628 4
24 628 73
24 725 4
24 734 40
24 808 107
24 808 13
24 974 107
25 66 126
25 490 41
25 490 12
25 554 99
25 571 40
25 656 4
25 691 -1
25 813 4
25 825 72
25 825 70
25 869 41
25 869 40
25 884 4
33 119 40
33 137 4
33 137 45
33 214 4
33 424 12
33 424 4
33 424 45
33 433 56
33 515 4
33 595 4
33 605 4
33 605 45
33 690 56
33 881 12
35 29 -1
35 76 12
35 356 45
35 519 13
35 519 45
35 526 -1
35 557 -1
35 807 -1
35 851 65
35 914 12
35 916 10
35 916 45
40 1 12
40 219 12
40 219 4
40 219 35
40 299 12
40 299 4
40 299 35
40 329 12
40 461 4
40 461 35
40 473 4
40 555 91
40 555 65
40 589 4
40 589 35
40 878 229
40 898 4
40 898 35
42 41 40
42 47 -1
42 134 12
42 134 4
42 134 35
42 177 4
42 345 12
42 345 4
42 345 35
42 762 -1
42 821 12
42 821 4
42 821 267
42 853 40
42 967 12
42 967 108
42 989 4
42 989 35
63 32 12
63 32 4
63 32 35
63 186 12
63 186 173
63 201 12
63 201 4
63 226 4
63 226 35
63 252 4
63 252 35
63 373 4
63 373 35
63 432 -1
63 469 108
63 531 10
63 979 12
71 56 6
71 137 -1
71 219 6
71 370 13
71 479 -1
71 520 -1
71 739 244
71 752 -1
71 792 41
71 886 244
110 102 42
110 183 48
110 183 4
110 243 4
110 243 14
110 334 48
110 334 56
110 334 12
110 491 48
110 491 4
110 621 4
110 621 14
110 621 13
110 634 48
110 634 13
110 708 -1
110 777 4
110 933 12
110 933 56
125 77 4
125 389 40
125 416 12
125 416 4
125 416 2
125 460 -1
125 560 126
125 560 107
125 560 108
125 603 0
125 668 -1
125 781 113
125 781 4
125 781 14
125 937 107
125 946 107
125 946 108
143 230 4
143 230 40
143 262 107
143 346 333
143 346 4
143 563 12
143 604 12
143 604 107
143 604 108
143 641 12
143 661 -1
143 668 72
143 716 4
143 896 4
143 896 381
143 896 40
156 89 12
156 89 56
156 146 107
156 195 56
156 395 -1
156 540 4
156 548 11
156 548 40
156 631 12
156 704 4
156 704 118
156 704 40
156 833 42
156 833 40
156 875 12
156 875 107
156 875 108
159 24 12
159 123 41
159 123 12
159 123 55
159 158 4
159 249 12
159 249 4
159 623 -1
159 637 333
159 637 4
159 695 12
159 695 4
159 695 171
159 789 -1
159 922 4
159 992 -1
160 29 0
160 29 121
160 50 13
160 143 -1
160 392 13
160 631 12
160 689 12
160 706 0
160 836 0
160 838 243
160 949 -1
176 6 4
176 253 4
176 253 40
176 301 4
176 301 14
176 309 4
176 309 70
176 486 4
176 570 4
176 570 14
176 570 13
176 578 -1
176 652 41
176 652 40
176 734 40
176 942 4
181 37 -1
181 41 41
181 41 40
181 101 107
181 101 13
181 178 -1
181 192 -1
181 384 -1
181 506 -1
181 773 -1
181 798 243
181 981 107
199 192 4
199 192 35
199 201 21
199 201 4
199 336 48
199 336 4
199 336 35
199 385 48
199 385 108
199 416 4
199 416 35
199 461 4
199 461 35
199 621 4
199 621 35
199 740 108
199 818 4
199 818 35
199 983 108
199 983 310
203 45 -1
203 325 40
203 375 -1
203 453 -1
203 475 -1
203 577 -1
203 741 -1
203 868 13
203 960 13
203 988 40
216 122 4
216 270 4
216 287 -1
216 327 4
216 403 36
216 418 48
216 418 108
216 418 45
216 421 45
216 580 4
216 623 40
216 652 40
218 52 -1
218 93 12
218 93 35
218 93 30
218 99 35
218 100 12
218 121 12
218 121 35
218 336 35
218 384 35
218 409 -1
218 672 35
218 905 35
223 1 7
223 1 0
223 1 13
223 26 4
223 44 -1
223 46 4
223 288 -1
223 343 4
223 343 45
223 542 4
223 542 7
223 542 75
223 745 107
223 771 4
223 771 45
223 994 38
246 86 -1
246 88 -1
246 95 48
246 95 263
246 145 146
246 313 48
246 343 -1
246 408 229
246 408 75
246 417 48
246 660 11
246 742 48
246 742 0
255 39 -1
255 106 -1
255 243 4
255 311 107
255 361 -1
255 517 4
255 729 4
255 804 107
255 838 -1
255 873 4
268 36 42
268 58 0
268 58 35
268 58 121
268 102 42
268 118 0
268 118 35
268 271 -1
268 590 -1
268 649 35
268 737 0
268 737 35
268 751 35
268 808 107
274 307 -1
274 375 48
274 375 4
274 383 48
274 595 4
274 595 14
274 630 -1
274 685 -1
274 779 -1
274 873 4
274 920 4
274 920 75
274 938 110
274 938 113
274 938 4
274 938 14
310 33 0
310 296 -1
310 303 -1
310 589 4
310 648 -1
310 656 4
310 656 14
310 656 0
310 782 4
310 900 48
310 900 4
310 981 12
310 982 48
324 69 4
324 69 229
324 71 4
324 71 14
324 117 13
324 182 12
324 182 4
324 352 4
324 352 229
324 450 108
324 744 4
324 744 13
324 747 4
324 747 13
324 830 12
324 866 12
324 866 4
326 238 48
326 238 4
326 238 35
326 300 48
326 300 0
326 335 12
326 335 4
326 335 0
326 335 35
326 350 4
326 350 35
326 354 12
326 458 4
326 458 35
326 692 12
326 692 62
326 713 12
326 723 48
326 723 4
326 723 35
326 763 62
327 120 4
327 120 35
327 218 -1
327 229 48
327 229 4
327 305 4
327 305 35
327 305 13
327 710 48
327 710 4
327 710 35
327 793 -1
327 910 35
327 910 4
327 910 14
327 910 13
327 922 4
327 922 307
327 922 35
327 951 72
327 951 4
327 951 35
327 951 13
327 998 4
327 998 0
340 55 12
340 64 12
340 64 4
340 64 13
340 195 -1
340 242 4
340 242 20
340 267 40
340 460 -1
340 515 4
340 515 13
340 565 12
340 850 48
340 850 4
340 850 40
340 954 40
344 212 67
344 263 7
344 263 55
344 321 4
344 342 125
344 525 113
344 525 4
344 536 4
344 536 45
344 836 -1
344 865 4
344 865 7
344 865 70
344 927 -1
344 958 -1
346 5 12
346 5 4
346 5 0
346 84 -1
346 167 4
346 167 0
346 167 35
346 184 12
346 184 4
346 184 0
346 184 35
346 281 4
346 463 4
346 463 35
346 493 12
346 622 4
346 957 -1
346 995 -1
347 76 -1
347 200 4
347 200 14
347 238 4
347 351 -1
347 439 263
347 465 43
347 667 4
347 816 -1
347 825 75
347 838 -1
356 22 -1
356 31 126
356 31 48
356 31 107
356 31 12
356 243 -1
356 271 -1
356 418 126
356 418 48
356 418 107
356 418 224
356 431 48
356 431 12
356 576 107
356 650 48
356 882 107
356 938 -1
358 190 107
358 235 107
358 235 67
358 264 4
358 264 171
358 264 35
358 409 4
358 568 4
358 568 35
358 646 4
358 646 14
358 663 4
358 663 14
358 663 35
358 714 4
358 714 171
358 900 4
358 900 35
358 926 107
362 39 56
362 237 4
362 237 563
362 368 243
362 368 65
362 378 4
362 378 0
362 422 4
362 483 4
362 716 4
362 716 91
362 716 56
362 796 4
362 813 4
362 813 14
362 813 91
362 820 207
362 820 4
400 58 -1
400 88 -1
400 187 14
400 271 85
400 271 431
400 416 24
400 588 -1
400 738 14
400 793 -1
400 810 -1
400 907 -1
411 168 45
411 428 12
411 453 12
411 453 0
411 484 43
411 484 44
411 484 0
411 524 0
411 641 12
411 641 65
411 700 113
411 700 4
411 700 12
411 700 45
411 737 12
411 737 4
411 737 0
411 737 13
411 863 4
411 990 12
421 2 15
421 2 4
421 111 -1
421 146 -1
421 150 4
421 150 0
421 366 4
421 499 4
421 577 519
421 630 -1
421 649 4
421 763 -1
432 32 12
432 32 4
432 32 0
432 85 4
432 96 4
432 96 0
432 167 4
432 167 0
432 457 56
432 639 4
432 639 0
432 699 0
432 699 65
432 849 4
432 849 56
432 889 -1
432 903 4
432 903 56
442 97 48
442 97 107
442 216 107
442 269 4
442 523 4
442 614 -1
442 632 4
442 632 35
442 720 243
442 720 1089
442 796 4
442 796 35
442 803 -1
442 973 -1
457 59 4
457 70 4
457 70 35
457 72 4
457 72 35
457 127 4
457 127 0
457 127 35
457 253 4
457 253 35
457 253 40
457 314 4
457 314 35
457 470 4
457 470 35
457 579 -1
457 702 56
457 702 224
457 702 40
457 879 40
469 98 99
469 112 4
469 335 4
469 335 68
469 335 45
469 448 108
469 448 45
469 564 108
469 564 45
469 578 45
469 595 4
469 595 14
469 595 70
469 614 -1
469 695 4
469 757 4
469 757 70
486 217 107
486 317 56
486 452 -1
486 463 4
486 481 4
486 614 -1
486 617 4
486 623 -1
486 711 -1
486 973 -1
488 450 126
488 570 4
488 570 35
488 579 12
488 622 4
488 626 12
488 651 4
488 651 0
488 651 40
488 706 0
488 706 40
488 904 12
488 904 99
488 940 4
488 940 35
488 988 40
490 80 12
490 80 4
490 80 0
490 80 35
490 98 12
490 98 0
490 144 4
490 212 -1
490 285 12
490 317 41
490 317 56
490 317 0
490 347 0
490 855 41
490 855 12
490 855 56
490 859 4
490 859 35
490 995 75
498 73 12
498 73 4
498 73 40
498 73 61
498 230 4
498 230 40
498 436 4
498 436 14
498 563 12
498 594 -1
498 751 4
498 751 14
498 778 12
498 778 4
498 827 -1
498 883 -1
498 889 107
498 889 108
514 34 4
514 34 0
514 268 378
514 368 12
514 444 4
514 446 -1
514 592 12
514 627 12
514 783 -1
514 835 4
514 835 14
514 906 -1
517 222 56
517 331 56
517 331 35
517 385 -1
517 386 35
517 422 35
517 485 35
517 855 43
517 855 417
517 855 56
517 855 40
517 860 35
517 919 -1
517 971 -1
524 136 7
524 136 95
524 399 35
524 438 35
524 583 48
524 583 35
524 600 12
524 600 7
524 600 35
524 606 12
524 755 48
524 836 40
524 868 48
524 868 224
524 955 40
533 19 4
533 51 -1
533 61 4
533 61 45
533 236 4
533 557 48
533 557 4
533 637 4
533 747 4
533 872 -1
533 937 107
533 987 -1
537 16 4
537 16 78
537 594 -1
537 621 4
537 621 14
537 621 78
537 621 45
537 707 108
537 718 14
537 751 4
537 751 14
537 774 -1
537 864 4
537 906 -1
537 916 4
537 916 45
555 3 6
555 3 4
555 3 22
555 3 0
555 42 6
555 42 4
555 42 14
555 258 4
555 258 35
555 297 4
555 365 48
555 598 48
555 598 4
555 598 35
555 608 48
555 608 4
555 608 14
555 608 35
555 738 4
555 738 14
555 738 35
555 795 -1
555 978 -1
558 159 12
558 159 4
558 184 4
558 184 35
558 184 460
558 184 0
558 184 12
558 357 6
558 357 4
558 372 4
558 372 0
558 372 35
558 678 4
558 678 35
558 750 269
558 750 12
558 799 4
558 799 0
558 799 35
558 901 41
558 941 12
558 941 244
558 999 12
559 92 4
559 129 4
559 129 14
559 156 4
559 313 48
559 467 48
559 467 4
559 469 -1
559 835 4
559 835 14
559 893 4
559 969 10
559 981 -1
571 76 48
571 76 56
571 76 12
571 77 4
571 220 48
571 220 35
571 220 12
571 220 45
571 251 12
571 315 4
571 316 48
571 316 12
571 796 4
571 796 35
571 911 48
571 911 4
571 911 35
571 911 12
571 935 4
571 935 35
571 945 48
610 150 14
610 178 12
610 178 45
610 210 -1
610 226 14
610 226 13
610 326 12
610 355 107
610 355 108
610 443 13
610 679 107
610 679 108
610 679 45
610 756 -1
610 774 -1
615 37 12
615 239 4
615 239 0
615 300 0
615 401 0
615 401 40
615 409 4
615 409 40
615 469 107
615 469 108
615 559 12
615 559 4
615 559 0
615 559 40
615 738 4
615 922 4
615 947 12
617 8 10
617 8 12
617 87 4
617 87 7
617 87 35
617 416 12
617 416 4
617 416 35
617 423 4
617 423 7
617 423 35
617 515 4
617 515 35
617 592 12
617 592 108
617 739 12
617 753 243
617 879 40
617 955 40
631 21 4
631 146 7
631 187 12
631 187 4
631 187 14
631 483 48
631 483 4
631 483 12
631 510 -1
631 624 -1
631 760 48
631 760 4
631 760 12
631 866 12
631 866 4
631 866 7
631 881 12
631 881 108
631 948 4
631 948 14
631 948 13
647 3 -1
647 95 48
647 304 -1
647 343 -1
647 438 -1
647 557 119
647 557 48
647 621 -1
647 674 -1
647 828 119
647 846 48
655 38 56
655 89 12
655 89 56
655 174 -1
655 235 12
655 430 56
655 595 4
655 616 12
655 624 -1
655 726 -1
655 796 4
655 796 192
659 114 14
659 191 -1
659 225 14
659 256 -1
659 303 107
659 369 0
659 487 11
659 487 0
659 747 -1
659 792 40
659 924 -1
671 31 -1
671 116 -1
671 240 4
671 240 70
671 368 -1
671 377 4
671 452 -1
671 482 -1
671 489 -1
671 647 -1
671 733 4
702 128 67
702 180 45
702 267 45
702 381 -1
702 417 -1
702 507 13
702 589 56
702 589 2
702 714 45
702 792 -1
702 836 -1
706 129 4
706 435 48
706 435 4
706 533 -1
706 591 48
706 594 2
706 621 4
706 621 13
706 687 -1
706 768 48
706 768 4
706 854 -1
706 956 108
706 956 13
710 179 4
710 179 35
710 258 4
710 258 35
710 258 13
710 466 0
710 466 13
710 468 4
710 468 0
710 468 35
710 497 10
710 600 4
710 600 7
710 600 35
710 660 10
710 729 4
710 729 356
710 729 35
710 829 4
710 829 7
710 829 35
710 898 4
710 898 7
710 898 35
713 5 4
713 84 48
713 243 4
713 243 35
713 345 48
713 345 4
713 345 35
713 354 -1
713 367 4
713 367 35
713 494 4
713 494 35
713 562 48
713 562 4
713 562 35
713 784 4
713 784 35
713 838 -1
725 45 -1
725 233 -1
725 283 -1
725 313 65
725 592 12
725 599 4
725 645 -1
725 824 4
725 872 65
725 970 12
725 970 4
761 151 6
761 151 4
761 177 4
761 177 18
761 239 4
761 239 13
761 294 48
761 294 67
761 343 4
761 450 48
761 594 -1
761 811 56
761 890 48
761 894 -1
763 72 4
763 72 35
763 125 4
763 125 35
763 135 40
763 204 48
763 477 -1
763 479 -1
763 483 48
763 483 4
763 483 35
763 781 4
763 781 35
763 982 48
763 999 48
764 54 4
764 54 0
764 81 4
764 146 107
764 242 4
764 242 45
764 539 4
764 539 99
764 685 0
764 844 12
764 844 99
764 844 45
764 955 -1
764 958 12
764 958 107
764 958 108
764 974 12
764 974 107
764 974 108
764 974 45
777 165 107
777 227 4
777 237 48
777 237 4
777 268 -1
777 302 48
777 302 107
777 433 -1
777 549 48
777 549 4
777 786 40
777 790 48
777 790 4
777 790 40
777 873 4
783 152 12
783 232 20
783 286 48
783 303 -1
783 314 35
783 365 48
783 365 12
783 490 41
783 490 12
783 490 0
783 719 -1
783 919 -1
783 945 48
814 84 -1
814 147 55
814 180 -1
814 217 -1
814 218 -1
814 496 -1
814 554 10
814 554 11
814 707 -1
814 849 4
814 916 10
814 916 4
831 77 6
831 246 -1
831 491 -1
831 525 14
831 658 -1
831 719 -1
831 727 -1
831 854 -1
831 931 -1
831 964 -1
834 42 -1
834 43 -1
834 319 35
834 416 35
834 444 -1
834 476 72
834 476 35
834 640 -1
834 649 72
834 649 35
834 720 40
834 783 -1
835 20 38
835 60 103
835 96 4
835 96 0
835 96 35
835 221 -1
835 295 4
835 295 35
835 295 45
835 703 0
835 739 -1
835 928 45
835 974 45
835 979 -1
838 143 -1
838 207 12
838 256 -1
838 269 12
838 269 4
838 269 0
838 411 4
838 650 4
838 650 44
838 650 0
838 713 12
838 775 12
838 827 -1
838 905 4
838 905 0
889 23 12
889 130 12
889 130 4
889 130 35
889 300 48
889 340 48
889 340 4
889 340 35
889 458 4
889 458 35
889 494 35
889 494 4
889 494 14
889 494 13
889 665 4
889 665 22
889 727 4
889 727 35
889 727 40
889 850 48
889 850 4
889 850 40
889 885 4
892 35 48
892 110 12
892 110 45
892 209 12
892 209 4
892 209 35
892 400 48
892 672 4
892 672 35
892 688 294
892 703 40
892 737 12
892 737 4
892 737 35
892 857 12
892 857 45
892 982 48
892 982 108
892 982 45
897 10 12
897 10 56
897 73 12
897 73 4
897 131 4
897 185 12
897 299 12
897 299 4
897 486 4
897 547 4
897 547 20
897 573 70
897 822 -1
897 984 -1
908 1 8
908 1 11
908 1 0
908 1 12
908 105 12
908 105 4
908 105 0
908 118 12
908 118 4
908 118 0
908 227 4
908 456 4
908 456 0
908 498 12
908 498 4
908 686 19
908 744 4
908 883 243
908 883 0
908 898 4
909 66 -1
909 241 -1
909 259 -1
909 354 -1
909 424 4
909 735 -1
909 786 -1
909 808 -1
909 842 -1
909 945 -1
930 185 -1
930 378 4
930 378 35
930 548 -1
930 562 4
930 562 35
930 621 4
930 621 35
930 621 45
930 623 -1
930 722 4
930 722 35
930 773 -1
930 805 4
930 981 -1
937 20 38
937 187 12
937 187 4
937 227 4
937 353 -1
937 502 12
937 544 12
937 667 4
937 750 12
937 797 4
937 876 4
938 2 4
938 48 48
938 48 107
938 48 0
938 48 12
938 75 48
938 91 -1
938 258 4
938 258 91
938 258 35
938 350 4
938 350 35
938 551 48
938 551 4
938 551 35
938 652 -1
938 916 4
938 916 56
938 916 35
938 940 4
938 940 35
942 5 28
942 5 0
942 78 -1
942 110 244
942 175 55
942 254 48
942 254 40
942 617 48
942 617 40
942 661 -1
942 688 107
942 705 107
942 975 48
943 89 -1
943 141 -1
943 173 108
943 191 -1
943 332 4
943 332 35
943 474 -1
943 531 13
943 546 -1
943 723 4
943 723 35
943 794 4
943 794 35
943 794 13
945 160 12
945 160 65
945 204 126
945 204 48
945 415 12
945 415 4
945 415 35
945 466 310
945 506 7
945 521 48
945 678 4
945 678 35
945 678 52
945 738 4
945 738 35
945 922 4
945 922 7
945 922 35
945 990 12
956 92 4
956 92 56
956 92 35
956 159 12
956 159 4
956 159 56
956 368 12
956 496 13
956 530 4
956 530 35
956 566 12
956 572 -1
956 584 12
956 584 56
956 736 4
956 736 35
956 775 12
975 25 12
975 44 12
975 101 108
975 414 -1
975 521 -1
975 578 12
975 617 -1
975 632 -1
975 847 12
975 948 -1
976 49 4
976 49 35
976 68 -1
976 156 6
976 156 4
976 156 35
976 452 19
976 456 6
976 456 4
976 461 4
976 461 35
976 461 75
976 476 4
976 476 35
976 515 4
976 515 35
976 840 55
976 942 4
976 942 35
981 59 48
981 59 4
981 403 -1
981 404 4
981 475 48
981 659 10
981 659 4
981 696 -1
981 699 -1
981 728 45
981 875 -1
981 916 10
981 916 4
981 916 45
981 916 165
987 87 4
987 174 41
987 174 45
987 309 4
987 313 45
987 499 4
987 549 4
987 600 4
987 719 -1
987 769 108
987 972 45
998 51 -1
998 429 -1
998 485 12
998 485 4
998 485 35
998 485 412
998 763 -1
998 770 43
998 792 43
998 883 -1
998 944 12
998 944 43
998 952 43
998 989 4
998 989 35
