4 0 0
4 4 1
4 6 1
4 7 0
4 12 1
4 13 0
4 14 0
4 20 0
4 35 0
4 44 0
4 45 1
4 48 0
4 56 0
4 65 0
4 66 0
4 67 0
4 70 0
4 72 0
4 92 0
4 101 0
4 106 0
4 107 1
4 108 0
4 171 0
4 243 0
4 246 0
4 259 0
4 260 0
4 261 0
4 262 0
4 263 0
4 269 0
4 294 0
4 354 0
4 355 0
4 356 0
4 365 0
4 366 0
4 409 0
4 451 0
4 732 0
4 743 0
4 815 0
4 856 0
4 967 0
4 968 0
4 970 0
4 999 0
4 1000 0
4 1004 0
4 1015 0
4 1251 0
4 1252 0
4 1256 0
4 1260 0
4 1261 0
4 1389 0
4 1390 0
4 1583 0
4 1650 0
4 1651 0
5 0 1
5 4 1
5 6 0
5 7 0
5 8 0
5 10 0
5 11 0
5 12 1
5 13 0
5 14 1
5 30 0
5 35 1
5 45 0
5 48 1
5 56 0
5 70 1
5 72 0
5 74 0
5 75 0
5 95 0
5 107 0
5 108 0
5 113 0
5 114 0
5 125 0
5 126 0
5 138 0
5 171 1
5 176 0
5 201 0
5 202 0
5 224 0
5 229 1
5 267 0
5 269 0
5 324 0
5 372 0
5 387 0
5 388 0
5 389 0
5 439 0
5 450 0
5 485 0
5 806 0
5 818 0
5 1127 0
5 1128 0
5 1129 0
5 1148 0
5 1170 0
5 1171 0
5 1172 0
5 1520 0
5 1576 0
5 1577 0
15 4 1
15 7 0
15 12 0
15 13 0
15 14 1
15 20 0
15 35 0
15 40 1
15 41 0
15 42 0
15 43 0
15 44 0
15 45 0
15 48 0
15 62 0
15 65 0
15 67 1
15 70 0
15 72 1
15 75 0
15 79 0
15 91 0
15 107 0
15 108 0
15 119 0
15 121 0
15 171 0
15 173 0
15 176 0
15 192 0
15 222 0
15 224 0
15 229 0
15 243 0
15 248 0
15 263 0
15 266 0
15 289 0
15 296 0
15 307 0
15 333 0
15 354 0
15 355 0
15 356 0
15 383 0
15 447 0
15 488 0
15 558 0
15 595 0
15 710 0
15 711 0
15 712 0
15 989 0
15 990 0
15 1165 0
15 1235 0
15 1288 0
15 1289 0
15 1290 0
15 1291 0
15 1321 0
20 0 1
20 4 0
20 6 0
20 10 0
20 11 0
20 12 0
20 14 1
20 15 0
20 17 0
20 19 0
20 20 0
20 28 0
20 31 0
20 35 1
20 40 1
20 41 0
20 44 0
20 56 0
20 62 0
20 65 0
20 67 0
20 87 0
20 89 0
20 90 0
20 91 0
20 92 0
20 99 1
20 107 0
20 108 0
20 113 0
20 114 0
20 115 0
20 146 0
20 147 0
20 148 0
20 149 0
20 173 0
20 242 0
20 274 0
20 295 0
20 313 0
20 440 0
20 441 0
20 442 0
20 519 1
20 642 0
20 909 0
20 926 0
20 927 0
20 928 0
20 929 0
20 930 0
20 933 0
20 1001 0
20 1002 0
20 1019 0
20 1059 0
20 1060 0
20 1061 0
24 4 1
24 6 0
24 12 0
24 13 1
24 14 1
24 20 0
24 32 0
24 35 0
24 40 1
24 44 0
24 45 0
24 48 1
24 51 0
24 62 0
24 67 0
24 70 0
24 73 1
24 75 0
24 95 0
24 99 0
24 101 0
24 103 0
24 106 0
24 107 1
24 108 0
24 113 0
24 114 0
24 125 0
24 177 0
24 226 0
24 243 0
24 263 0
24 265 0
24 293 0
24 294 0
24 295 0
24 305 0
24 310 0
24 330 0
24 363 0
24 364 0
24 434 0
24 472 0
24 477 0
24 634 0
24 649 0
24 662 0
24 663 0
24 682 0
24 1089 0
24 1155 0
24 1315 0
24 1316 0
24 1331 0
24 1676 0
25 0 0
25 4 1
25 6 0
25 7 0
25 10 0
25 11 0
25 12 1
25 13 0
25 14 0
25 24 0
25 28 0
25 35 0
25 40 1
25 41 1
25 42 0
25 43 0
25 44 0
25 45 0
25 48 0
25 55 0
25 60 0
25 65 0
25 70 1
25 72 1
25 75 0
25 91 0
25 95 0
25 99 1
25 101 0
25 106 0
25 107 0
25 108 0
25 113 0
25 114 0
25 126 1
25 165 0
25 212 0
25 223 0
25 224 0
25 225 0
25 243 0
25 285 0
25 291 0
25 307 0
25 357 0
25 359 0
25 378 0
25 639 0
25 775 0
25 821 0
25 964 0
25 965 0
25 966 0
25 1064 0
25 1089 0
25 1090 0
25 1262 0
25 1263 0
25 1437 0
25 1438 0
25 1521 0
25 1542 0
33 0 0
33 4 1
33 7 0
33 12 1
33 13 0
33 14 0
33 31 0
33 35 0
33 38 0
33 40 1
33 41 0
33 42 0
33 43 0
33 44 0
33 45 1
33 48 0
33 51 0
33 56 1
33 70 0
33 90 0
33 94 0
33 113 0
33 114 0
33 171 0
33 243 0
33 257 0
33 261 0
33 267 0
33 269 0
33 280 0
33 295 0
33 343 0
33 373 0
33 374 0
33 407 0
33 516 0
33 517 0
33 518 0
33 519 0
33 581 0
33 684 0
33 815 0
33 818 0
33 865 0
33 866 0
33 867 0
33 884 0
33 885 0
33 1004 0
33 1136 0
33 1137 0
33 1149 0
33 1260 0
33 1261 0
33 1538 0
33 1539 0
35 0 0
35 4 0
35 7 0
35 10 1
35 12 1
35 13 1
35 14 0
35 22 0
35 30 0
35 35 0
35 40 0
35 44 0
35 45 1
35 48 0
35 56 0
35 65 1
35 67 0
35 70 0
35 72 0
35 75 0
35 101 0
35 119 0
35 120 0
35 121 0
35 122 0
35 142 0
35 144 0
35 165 0
35 171 0
35 206 0
35 222 0
35 224 0
35 229 0
35 243 0
35 245 0
35 266 0
35 365 0
35 366 0
35 378 0
35 383 0
35 645 0
35 762 0
35 763 0
35 764 0
35 1020 0
35 1070 0
35 1180 0
35 1495 0
35 1496 0
35 1497 0
35 1507 0
35 1581 0
35 1582 0
35 1584 0
35 1585 0
40 0 0
40 2 0
40 4 1
40 6 0
40 7 0
40 8 0
40 9 0
40 10 0
40 11 0
40 12 1
40 14 0
40 24 0
40 35 1
40 40 0
40 41 0
40 44 0
40 45 0
40 49 0
40 52 0
40 56 0
40 65 1
40 67 0
40 74 0
40 75 0
40 91 1
40 113 0
40 207 0
40 229 1
40 243 0
40 244 0
40 253 0
40 269 0
40 273 0
40 278 0
40 280 0
40 381 0
40 417 0
40 495 0
40 519 0
40 525 0
40 531 0
40 532 0
40 559 0
40 605 0
40 656 0
40 657 0
40 658 0
40 713 0
40 714 0
40 715 0
40 881 0
40 1065 0
40 1066 0
40 1067 0
40 1120 0
40 1536 0
40 1559 0
42 0 0
42 4 1
42 7 0
42 12 1
42 13 0
42 14 0
42 18 0
42 20 0
42 35 1
42 38 0
42 40 1
42 41 0
42 42 0
42 43 0
42 45 0
42 56 0
42 72 0
42 78 0
42 107 0
42 108 1
42 113 0
42 125 0
42 155 0
42 156 0
42 171 0
42 172 0
42 173 0
42 174 0
42 175 0
42 207 0
42 245 0
42 267 1
42 290 0
42 341 0
42 365 0
42 366 0
42 370 0
42 397 0
42 447 0
42 519 0
42 549 0
42 634 0
42 662 0
42 665 0
42 743 0
42 1184 0
42 1185 0
42 1217 0
42 1218 0
42 1370 0
42 1371 0
42 1372 0
42 1373 0
42 1374 0
42 1447 0
42 1448 0
42 1449 0
42 1661 0
42 1697 0
42 1698 0
63 0 0
63 4 1
63 6 0
63 7 0
63 8 0
63 10 1
63 11 0
63 12 1
63 13 0
63 14 0
63 20 0
63 21 0
63 30 0
63 35 1
63 70 0
63 72 0
63 75 0
63 91 0
63 99 0
63 107 0
63 108 1
63 129 0
63 130 0
63 131 0
63 158 0
63 171 0
63 173 1
63 176 0
63 192 0
63 197 0
63 218 0
63 243 0
63 244 0
63 248 0
63 269 0
63 278 0
63 285 0
63 365 0
63 366 0
63 465 0
63 466 0
63 467 0
63 491 0
63 531 0
63 587 0
63 588 0
63 634 0
63 729 0
63 740 0
63 786 0
63 881 0
63 882 0
63 883 0
63 936 0
63 937 0
63 938 0
63 1004 0
63 1029 0
63 1683 0
63 1684 0
63 1685 0
71 0 0
71 4 0
71 6 1
71 7 0
71 12 0
71 13 1
71 31 0
71 35 0
71 40 0
71 41 1
71 42 0
71 43 0
71 44 0
71 45 0
71 49 0
71 56 0
71 70 0
71 91 0
71 107 0
71 108 0
71 109 0
71 113 0
71 122 0
71 171 0
71 199 0
71 200 0
71 208 0
71 224 0
71 244 1
71 257 0
71 273 0
71 278 0
71 285 0
71 373 0
71 374 0
71 381 0
71 525 0
71 531 0
71 532 0
71 566 0
71 567 0
71 605 0
71 633 0
71 835 0
71 953 0
71 1005 0
71 1008 0
71 1009 0
71 1010 0
71 1339 0
71 1340 0
71 1355 0
71 1414 0
71 1415 0
71 1416 0
71 1543 0
71 1544 0
71 1545 0
110 0 0
110 2 0
110 4 1
110 7 0
110 12 1
110 13 1
110 14 1
110 19 0
110 20 0
110 21 0
110 28 0
110 35 0
110 36 0
110 38 0
110 40 0
110 41 0
110 42 1
110 43 0
110 44 0
110 45 0
110 48 1
110 56 1
110 65 0
110 70 0
110 72 0
110 75 0
110 78 0
110 87 0
110 101 0
110 124 0
110 165 0
110 171 0
110 173 0
110 207 0
110 208 0
110 212 0
110 224 0
110 243 0
110 244 0
110 263 0
110 278 0
110 301 0
110 307 0
110 329 0
110 365 0
110 402 0
110 459 0
110 487 0
110 519 0
110 572 0
110 724 0
110 893 0
110 902 0
110 939 0
110 1089 0
110 1287 0
110 1394 0
110 1610 0
110 1611 0
110 1612 0
110 1613 0
125 0 1
125 2 1
125 4 1
125 6 0
125 7 0
125 12 1
125 13 0
125 14 1
125 17 0
125 19 0
125 24 0
125 35 0
125 40 1
125 41 0
125 43 0
125 44 0
125 48 0
125 53 0
125 55 0
125 56 0
125 67 0
125 72 0
125 75 0
125 91 0
125 92 0
125 107 1
125 108 1
125 113 1
125 125 0
125 126 1
125 167 0
125 171 0
125 173 0
125 224 0
125 229 0
125 246 0
125 247 0
125 248 0
125 255 0
125 263 0
125 294 0
125 304 0
125 305 0
125 310 0
125 354 0
125 356 0
125 497 0
125 558 0
125 575 0
125 578 0
125 598 0
125 684 0
125 813 0
125 814 0
125 815 0
125 816 0
125 906 0
125 931 0
125 932 0
125 1008 0
125 1073 0
125 1147 0
125 1237 0
125 1238 0
125 1399 0
125 1616 0
125 1617 0
125 1629 0
143 4 1
143 7 0
143 12 1
143 13 0
143 14 0
143 19 0
143 35 0
143 40 1
143 44 0
143 45 0
143 48 0
143 49 0
143 52 0
143 56 0
143 72 1
143 82 0
143 85 0
143 91 0
143 107 1
143 108 1
143 125 0
143 138 0
143 171 0
143 173 0
143 212 0
143 224 0
143 256 0
143 257 0
143 259 0
143 263 0
143 294 0
143 308 0
143 316 0
143 324 0
143 333 1
143 376 0
143 381 1
143 417 0
143 489 0
143 598 0
143 601 0
143 605 0
143 744 0
143 1077 0
143 1148 0
143 1199 0
143 1200 0
143 1201 0
143 1202 0
143 1231 0
143 1232 0
143 1233 0
143 1237 0
143 1238 0
143 1302 0
143 1556 0
156 0 0
156 4 1
156 6 0
156 7 0
156 10 0
156 11 1
156 12 1
156 13 0
156 19 0
156 35 0
156 40 1
156 41 0
156 42 1
156 43 0
156 44 0
156 45 0
156 56 1
156 70 0
156 72 0
156 91 0
156 107 1
156 108 1
156 117 0
156 118 1
156 124 0
156 192 0
156 232 0
156 244 0
156 248 0
156 252 0
156 276 0
156 277 0
156 278 0
156 322 0
156 365 0
156 381 0
156 392 0
156 393 0
156 481 0
156 482 0
156 483 0
156 598 0
156 599 0
156 605 0
156 642 0
156 822 0
156 823 0
156 824 0
156 865 0
156 1044 0
156 1059 0
156 1060 0
156 1061 0
156 1109 0
156 1184 0
156 1185 0
156 1189 0
156 1217 0
156 1280 0
156 1473 0
156 1530 0
159 0 0
159 4 1
159 7 0
159 10 0
159 12 1
159 13 0
159 15 0
159 18 0
159 19 0
159 20 0
159 24 0
159 35 0
159 40 0
159 41 1
159 44 0
159 48 0
159 55 1
159 56 0
159 65 0
159 67 0
159 101 0
159 103 0
159 104 0
159 105 0
159 106 0
159 109 0
159 171 1
159 192 0
159 230 0
159 243 0
159 307 0
159 333 1
159 337 0
159 347 0
159 348 0
159 349 0
159 350 0
159 414 0
159 415 0
159 525 0
159 584 0
159 585 0
159 1089 0
159 1175 0
159 1224 0
159 1255 0
159 1267 0
159 1268 0
159 1410 0
159 1592 0
159 1593 0
159 1706 0
159 1707 0
159 1708 0
159 1709 0
160 0 1
160 2 0
160 6 0
160 7 0
160 12 1
160 13 1
160 14 0
160 19 0
160 24 0
160 35 0
160 40 0
160 41 0
160 42 0
160 43 0
160 44 0
160 45 0
160 48 0
160 58 0
160 65 0
160 67 0
160 72 0
160 75 0
160 91 0
160 101 0
160 113 0
160 114 0
160 120 0
160 121 1
160 122 0
160 152 0
160 168 0
160 171 0
160 173 0
160 179 0
160 180 0
160 207 0
160 229 0
160 243 1
160 244 0
160 252 0
160 257 0
160 278 0
160 322 0
160 384 0
160 385 0
160 386 0
160 495 0
160 558 0
160 819 0
160 865 0
160 1005 0
160 1089 0
160 1143 0
160 1189 0
160 1202 0
160 1255 0
160 1283 0
160 1284 0
160 1479 0
160 1480 0
160 1634 0
160 1635 0
176 0 0
176 2 0
176 4 1
176 7 0
176 12 0
176 13 1
176 14 1
176 31 0
176 33 0
176 34 0
176 35 0
176 36 0
176 37 0
176 40 1
176 41 1
176 42 0
176 43 0
176 44 0
176 45 0
176 48 0
176 65 0
176 70 1
176 75 0
176 78 0
176 82 0
176 85 0
176 101 0
176 119 0
176 165 0
176 192 0
176 207 0
176 229 0
176 242 0
176 243 0
176 245 0
176 296 0
176 329 0
176 333 0
176 357 0
176 359 0
176 402 0
176 428 0
176 430 0
176 495 0
176 660 0
176 661 0
176 675 0
176 676 0
176 812 0
176 821 0
176 835 0
176 960 0
176 1089 0
176 1101 0
176 1184 0
176 1185 0
176 1217 0
176 1218 0
176 1331 0
181 0 0
181 4 0
181 7 0
181 12 0
181 13 1
181 14 0
181 35 0
181 38 0
181 40 1
181 41 1
181 42 0
181 43 0
181 45 0
181 56 0
181 65 0
181 66 0
181 67 0
181 70 0
181 72 0
181 92 0
181 107 1
181 108 0
181 120 0
181 121 0
181 122 0
181 142 0
181 143 0
181 144 0
181 145 0
181 155 0
181 156 0
181 171 0
181 173 0
181 176 0
181 206 0
181 224 0
181 243 1
181 244 0
181 246 0
181 248 0
181 277 0
181 278 0
181 298 0
181 299 0
181 300 0
181 307 0
181 323 0
181 448 0
181 477 0
181 495 0
181 732 0
181 804 0
181 805 0
181 856 0
181 858 0
181 989 0
181 990 0
181 1295 0
181 1296 0
181 1297 0
181 1389 0
181 1390 0
181 1419 0
181 1420 0
181 1687 0
199 0 0
199 2 0
199 4 1
199 13 0
199 14 0
199 20 0
199 21 1
199 24 0
199 30 0
199 35 1
199 48 1
199 51 0
199 72 0
199 74 0
199 75 0
199 78 0
199 106 0
199 107 0
199 108 1
199 113 0
199 114 0
199 120 0
199 121 0
199 122 0
199 126 0
199 138 0
199 224 0
199 255 0
199 280 0
199 285 0
199 304 0
199 310 1
199 311 0
199 329 0
199 352 0
199 353 0
199 357 0
199 359 0
199 402 0
199 439 0
199 477 0
199 491 0
199 575 0
199 727 0
199 806 0
199 821 0
199 1315 0
199 1341 0
199 1342 0
199 1680 0
203 0 0
203 4 0
203 6 0
203 8 0
203 10 0
203 11 0
203 12 0
203 13 1
203 20 0
203 35 0
203 40 1
203 41 0
203 42 0
203 43 0
203 44 0
203 48 0
203 53 0
203 55 0
203 56 0
203 70 0
203 75 0
203 82 0
203 87 0
203 99 0
203 107 0
203 108 0
203 119 0
203 166 0
203 167 0
203 168 0
203 224 0
203 229 0
203 244 0
203 269 0
203 278 0
203 285 0
203 290 0
203 341 0
203 342 0
203 381 0
203 485 0
203 519 0
203 605 0
203 627 0
203 662 0
203 775 0
203 791 0
203 872 0
203 907 0
203 916 0
203 917 0
203 918 0
203 919 0
203 948 0
203 1097 0
203 1098 0
203 1099 0
203 1100 0
203 1103 0
203 1343 0
203 1344 0
203 1472 0
203 1520 0
203 1652 0
203 1695 0
203 1696 0
216 4 1
216 7 0
216 12 0
216 15 0
216 18 0
216 19 0
216 20 0
216 22 0
216 35 0
216 36 1
216 40 1
216 41 0
216 42 0
216 43 0
216 44 0
216 45 1
216 48 1
216 65 0
216 70 0
216 72 0
216 75 0
216 82 0
216 85 0
216 95 0
216 101 0
216 107 0
216 108 1
216 110 0
216 113 0
216 114 0
216 126 0
216 171 0
216 224 0
216 243 0
216 259 0
216 307 0
216 337 0
216 346 0
216 412 0
216 477 0
216 497 0
216 501 0
216 611 0
216 612 0
216 636 0
216 637 0
216 834 0
216 835 0
216 854 0
216 860 0
216 861 0
216 1089 0
216 1104 0
216 1175 0
216 1184 0
216 1185 0
216 1217 0
216 1218 0
218 0 0
218 2 0
218 4 0
218 7 0
218 12 1
218 14 0
218 19 0
218 29 0
218 30 1
218 31 0
218 35 1
218 40 0
218 41 0
218 44 0
218 45 0
218 48 0
218 51 0
218 55 0
218 56 0
218 60 0
218 70 0
218 72 0
218 91 0
218 113 0
218 114 0
218 119 0
218 154 0
218 171 0
218 176 0
218 184 0
218 185 0
218 186 0
218 263 0
218 283 0
218 284 0
218 285 0
218 296 0
218 297 0
218 345 0
218 437 0
218 525 0
218 566 0
218 727 0
218 804 0
218 805 0
218 842 0
218 1242 0
218 1570 0
218 1571 0
223 0 1
223 4 1
223 6 0
223 7 1
223 8 0
223 9 0
223 10 0
223 11 0
223 12 0
223 13 1
223 14 0
223 17 0
223 19 0
223 21 0
223 22 0
223 25 0
223 27 0
223 28 0
223 30 0
223 31 0
223 35 0
223 38 1
223 40 0
223 41 0
223 43 0
223 44 0
223 45 1
223 48 0
223 56 0
223 60 0
223 70 0
223 74 0
223 75 1
223 87 0
223 99 0
223 107 1
223 108 0
223 113 0
223 114 0
223 115 0
223 159 0
223 163 0
223 164 0
223 165 0
223 169 0
223 170 0
223 171 0
223 183 0
223 224 0
223 291 0
223 377 0
223 378 0
223 403 0
223 554 0
223 682 0
223 741 0
223 775 0
223 1046 0
223 1164 0
223 1348 0
223 1349 0
223 1712 0
246 0 1
246 4 0
246 6 0
246 7 0
246 10 0
246 11 1
246 12 0
246 14 0
246 20 0
246 28 0
246 30 0
246 35 0
246 40 0
246 45 0
246 48 1
246 60 0
246 61 0
246 65 0
246 67 0
246 70 0
246 72 0
246 75 1
246 87 0
246 99 0
246 113 0
246 114 0
246 119 0
246 121 0
246 136 0
246 137 0
246 146 1
246 171 0
246 173 0
246 212 0
246 224 0
246 229 1
246 243 0
246 263 1
246 273 0
246 274 0
246 275 0
246 289 0
246 378 0
246 390 0
246 391 0
246 685 0
246 741 0
246 768 0
246 770 0
246 771 0
246 841 0
246 853 0
246 1205 0
246 1345 0
255 0 0
255 4 1
255 10 0
255 11 0
255 12 0
255 14 0
255 28 0
255 35 0
255 40 0
255 45 0
255 49 0
255 56 0
255 65 0
255 67 0
255 72 0
255 79 0
255 82 0
255 83 0
255 85 0
255 91 0
255 95 0
255 99 0
255 107 1
255 108 0
255 126 0
255 137 0
255 149 0
255 150 0
255 151 0
255 224 0
255 225 0
255 242 0
255 243 0
255 267 0
255 269 0
255 300 0
255 308 0
255 309 0
255 354 0
255 355 0
255 356 0
255 365 0
255 381 0
255 487 0
255 495 0
255 572 0
255 605 0
255 681 0
255 682 0
255 768 0
255 769 0
255 770 0
255 771 0
255 835 0
255 1005 0
255 1007 0
255 1143 0
255 1321 0
255 1426 0
255 1480 0
255 1525 0
255 1526 0
255 1527 0
268 0 1
268 4 0
268 7 0
268 12 0
268 13 0
268 20 0
268 25 0
268 27 0
268 35 1
268 38 0
268 40 0
268 41 0
268 42 1
268 43 0
268 45 0
268 56 0
268 72 0
268 82 0
268 85 0
268 87 0
268 94 0
268 102 0
268 107 1
268 108 0
268 121 1
268 141 0
268 165 0
268 193 0
268 203 0
268 204 0
268 205 0
268 235 0
268 290 0
268 294 0
268 301 0
268 305 0
268 310 0
268 333 0
268 340 0
268 341 0
268 342 0
268 431 0
268 472 0
268 613 0
268 614 0
268 615 0
268 682 0
268 939 0
268 965 0
268 1121 0
268 1122 0
268 1123 0
268 1215 0
268 1336 0
268 1337 0
268 1353 0
268 1354 0
274 0 0
274 4 1
274 10 0
274 12 0
274 13 0
274 14 1
274 22 0
274 35 0
274 36 0
274 40 0
274 41 0
274 44 0
274 45 0
274 48 1
274 53 0
274 55 0
274 56 0
274 65 0
274 66 0
274 70 0
274 72 0
274 75 1
274 95 0
274 101 0
274 107 0
274 108 0
274 110 1
274 113 1
274 201 0
274 224 0
274 229 0
274 243 0
274 267 0
274 269 0
274 290 0
274 341 0
274 342 0
274 352 0
274 407 0
274 409 0
274 441 0
274 451 0
274 670 0
274 671 0
274 791 0
274 939 0
274 1089 0
274 1136 0
274 1137 0
274 1187 0
274 1188 0
274 1254 0
274 1255 0
274 1338 0
274 1395 0
274 1396 0
274 1525 0
274 1526 0
274 1527 0
310 0 1
310 2 0
310 4 1
310 7 0
310 12 1
310 13 0
310 14 1
310 19 0
310 22 0
310 25 0
310 27 0
310 35 0
310 41 0
310 45 0
310 48 1
310 52 0
310 55 0
310 56 0
310 65 0
310 67 0
310 72 0
310 107 0
310 108 0
310 113 0
310 121 0
310 124 0
310 132 0
310 133 0
310 150 0
310 168 0
310 243 0
310 253 0
310 307 0
310 324 0
310 357 0
310 359 0
310 417 0
310 495 0
310 552 0
310 652 0
310 653 0
310 664 0
310 665 0
310 821 0
310 1120 0
310 1212 0
310 1213 0
310 1214 0
310 1295 0
310 1296 0
310 1297 0
310 1400 0
310 1562 0
310 1563 0
310 1564 0
310 1604 0
310 1605 0
310 1687 0
324 0 0
324 4 1
324 7 0
324 10 0
324 11 0
324 12 1
324 13 1
324 14 1
324 35 0
324 45 0
324 70 0
324 72 0
324 74 0
324 75 0
324 90 0
324 95 0
324 99 0
324 107 0
324 108 1
324 126 0
324 145 0
324 165 0
324 219 0
324 229 1
324 234 0
324 235 0
324 236 0
324 327 0
324 329 0
324 337 0
324 338 0
324 355 0
324 372 0
324 426 0
324 457 0
324 458 0
324 495 0
324 497 0
324 559 0
324 567 0
324 568 0
324 701 0
324 1230 0
324 1466 0
324 1467 0
324 1517 0
326 0 1
326 4 1
326 7 0
326 10 0
326 11 0
326 12 1
326 14 0
326 20 0
326 35 1
326 40 0
326 44 0
326 45 0
326 48 1
326 49 0
326 56 0
326 62 1
326 68 0
326 72 0
326 74 0
326 79 0
326 91 0
326 103 0
326 106 0
326 107 0
326 108 0
326 119 0
326 121 0
326 165 0
326 192 0
326 203 0
326 204 0
326 212 0
326 224 0
326 226 0
326 310 0
326 311 0
326 351 0
326 352 0
326 426 0
326 427 0
326 564 0
326 586 0
326 659 0
326 725 0
326 726 0
326 750 0
326 751 0
326 758 0
326 759 0
326 760 0
326 1295 0
326 1296 0
326 1297 0
326 1298 0
326 1310 0
326 1311 0
327 0 1
327 2 0
327 4 1
327 7 0
327 12 0
327 13 1
327 14 1
327 19 0
327 24 0
327 30 0
327 35 1
327 40 0
327 41 0
327 42 0
327 43 0
327 44 0
327 45 0
327 48 1
327 50 0
327 51 0
327 52 0
327 56 0
327 60 0
327 72 1
327 87 0
327 119 0
327 192 0
327 243 0
327 256 0
327 269 0
327 307 1
327 333 0
327 344 0
327 354 0
327 356 0
327 417 0
327 529 0
327 530 0
327 547 0
327 548 0
327 549 0
327 665 0
327 668 0
327 1184 0
327 1185 0
327 1217 0
327 1218 0
327 1292 0
327 1293 0
327 1512 0
327 1580 0
327 1592 0
327 1593 0
327 1639 0
327 1718 0
340 0 0
340 4 1
340 7 0
340 12 1
340 13 1
340 14 0
340 20 1
340 35 0
340 38 0
340 40 1
340 41 0
340 42 0
340 43 0
340 44 0
340 45 0
340 48 1
340 51 0
340 53 0
340 55 0
340 56 0
340 113 0
340 114 0
340 118 0
340 167 0
340 171 0
340 173 0
340 176 0
340 195 0
340 196 0
340 197 0
340 198 0
340 212 0
340 217 0
340 218 0
340 219 0
340 232 0
340 354 0
340 356 0
340 481 0
340 482 0
340 483 0
340 554 0
340 571 0
340 578 0
340 589 0
340 607 0
340 639 0
340 818 0
340 931 0
340 932 0
340 1078 0
340 1079 0
340 1080 0
340 1081 0
340 1082 0
340 1494 0
340 1641 0
340 1642 0
344 0 0
344 4 1
344 6 0
344 7 1
344 12 0
344 13 0
344 14 0
344 19 0
344 20 0
344 29 0
344 35 0
344 40 0
344 41 0
344 44 0
344 45 1
344 48 0
344 55 1
344 65 0
344 66 0
344 67 1
344 70 1
344 101 0
344 107 0
344 108 0
344 113 1
344 114 0
344 119 0
344 124 0
344 125 1
344 136 0
344 165 0
344 171 0
344 212 0
344 219 0
344 224 0
344 232 0
344 243 0
344 311 0
344 381 0
344 451 0
344 513 0
344 514 0
344 567 0
344 602 0
344 603 0
344 604 0
344 605 0
344 634 0
344 700 0
344 740 0
344 1019 0
344 1037 0
344 1038 0
344 1089 0
344 1255 0
344 1479 0
344 1517 0
344 1600 0
344 1601 0
344 1648 0
344 1649 0
346 0 1
346 4 1
346 6 0
346 10 0
346 11 0
346 12 1
346 13 0
346 14 0
346 21 0
346 22 0
346 25 0
346 28 0
346 29 0
346 30 0
346 31 0
346 32 0
346 35 1
346 41 0
346 48 0
346 55 0
346 65 0
346 67 0
346 70 0
346 72 0
346 75 0
346 91 0
346 121 0
346 122 0
346 124 0
346 165 0
346 199 0
346 222 0
346 229 0
346 243 0
346 244 0
346 263 0
346 264 0
346 265 0
346 266 0
346 278 0
346 333 0
346 428 0
346 429 0
346 430 0
346 460 0
346 461 0
346 495 0
346 557 0
346 558 0
346 628 0
346 943 0
346 965 0
346 971 0
346 972 0
346 973 0
346 1123 0
346 1339 0
346 1645 0
346 1646 0
346 1647 0
346 1713 0
347 0 0
347 4 1
347 7 0
347 12 0
347 13 0
347 14 1
347 30 0
347 35 0
347 38 0
347 40 0
347 42 0
347 43 1
347 44 0
347 45 0
347 48 0
347 49 0
347 56 0
347 65 0
347 67 0
347 70 0
347 72 0
347 75 1
347 91 0
347 94 0
347 95 0
347 99 0
347 102 0
347 119 0
347 121 0
347 165 0
347 171 0
347 173 0
347 176 0
347 224 0
347 243 0
347 244 0
347 245 0
347 263 1
347 285 0
347 289 0
347 354 0
347 356 0
347 412 0
347 473 0
347 489 0
347 490 0
347 495 0
347 564 0
347 639 0
347 752 0
347 753 0
347 754 0
347 935 0
347 1005 0
347 1143 0
347 1443 0
347 1444 0
347 1480 0
356 0 0
356 4 0
356 5 0
356 12 1
356 13 0
356 14 0
356 18 0
356 20 0
356 24 0
356 28 0
356 35 0
356 40 0
356 44 0
356 45 0
356 48 1
356 56 0
356 82 0
356 85 0
356 97 0
356 98 0
356 101 0
356 107 1
356 108 0
356 110 0
356 113 0
356 119 0
356 124 0
356 126 1
356 127 0
356 128 0
356 138 0
356 224 1
356 274 0
356 365 0
356 431 0
356 451 0
356 487 0
356 497 0
356 534 0
356 572 0
356 613 0
356 614 0
356 615 0
356 670 0
356 736 0
356 854 0
356 879 0
356 880 0
356 1095 0
356 1096 0
356 1216 0
356 1338 0
356 1540 0
358 0 0
358 4 1
358 7 0
358 12 0
358 13 0
358 14 1
358 18 0
358 19 0
358 24 0
358 35 1
358 40 0
358 45 0
358 48 0
358 51 0
358 56 0
358 60 0
358 67 1
358 75 0
358 83 0
358 107 1
358 108 0
358 109 0
358 113 0
358 114 0
358 125 0
358 171 1
358 224 0
358 229 0
358 263 0
358 300 0
358 302 0
358 310 0
358 330 0
358 373 0
358 374 0
358 384 0
358 417 0
358 437 0
358 472 0
358 473 0
358 556 0
358 634 0
358 662 0
358 819 0
358 842 0
358 856 0
358 911 0
358 983 0
358 1087 0
358 1208 0
358 1299 0
358 1300 0
358 1562 0
358 1563 0
358 1564 0
358 1599 0
362 0 1
362 4 1
362 6 0
362 7 0
362 12 0
362 14 1
362 28 0
362 32 0
362 35 0
362 45 0
362 56 1
362 65 1
362 67 0
362 70 0
362 72 0
362 75 0
362 82 0
362 83 0
362 85 0
362 91 1
362 99 0
362 144 0
362 146 0
362 150 0
362 151 0
362 192 0
362 207 1
362 243 1
362 267 0
362 269 0
362 273 0
362 412 0
362 417 0
362 473 0
362 560 0
362 561 0
362 562 0
362 563 1
362 782 0
362 796 0
362 797 0
362 862 0
362 863 0
362 906 0
362 939 0
362 957 0
362 1302 0
362 1418 0
362 1437 0
362 1438 0
362 1447 0
362 1448 0
362 1449 0
400 0 0
400 2 0
400 4 0
400 7 0
400 12 0
400 13 0
400 14 1
400 24 1
400 30 0
400 35 0
400 40 0
400 41 0
400 42 0
400 43 0
400 44 0
400 45 0
400 52 0
400 70 0
400 72 0
400 75 0
400 82 0
400 85 1
400 110 0
400 114 0
400 119 0
400 121 0
400 165 0
400 171 0
400 193 0
400 203 0
400 204 0
400 205 0
400 219 0
400 244 0
400 255 0
400 256 0
400 273 0
400 274 0
400 275 0
400 278 0
400 412 0
400 431 1
400 468 0
400 469 0
400 575 0
400 613 0
400 614 0
400 615 0
400 1184 0
400 1185 0
400 1205 0
400 1217 0
400 1218 0
400 1338 0
400 1432 0
400 1575 0
411 0 1
411 4 1
411 6 0
411 12 1
411 13 1
411 19 0
411 24 0
411 35 0
411 40 0
411 41 0
411 43 1
411 44 1
411 45 1
411 60 0
411 65 1
411 72 0
411 99 0
411 101 0
411 113 1
411 114 0
411 121 0
411 208 0
411 269 0
411 428 0
411 430 0
411 431 0
411 432 0
411 433 0
411 519 0
411 520 0
411 582 0
411 682 0
411 871 0
411 872 0
411 873 0
411 916 0
411 917 0
411 918 0
411 919 0
411 958 0
411 960 0
411 1016 0
411 1017 0
411 1018 0
411 1199 0
411 1200 0
411 1201 0
411 1202 0
411 1275 0
411 1336 0
411 1337 0
411 1514 0
411 1699 0
411 1700 0
411 1701 0
411 1702 0
421 0 1
421 4 1
421 7 0
421 12 0
421 13 0
421 14 0
421 15 1
421 16 0
421 17 0
421 18 0
421 19 0
421 20 0
421 35 0
421 41 0
421 45 0
421 53 0
421 55 0
421 56 0
421 62 0
421 70 0
421 72 0
421 91 0
421 102 0
421 103 0
421 106 0
421 107 0
421 108 0
421 113 0
421 124 0
421 219 0
421 226 0
421 298 0
421 305 0
421 325 0
421 326 0
421 370 0
421 392 0
421 393 0
421 426 0
421 427 0
421 472 0
421 519 1
421 731 0
421 779 0
421 780 0
421 797 0
421 872 0
421 939 0
421 979 0
421 1097 0
421 1098 0
421 1099 0
421 1100 0
421 1187 0
421 1188 0
421 1215 0
432 0 1
432 2 0
432 4 1
432 6 0
432 12 1
432 20 0
432 21 0
432 22 0
432 24 0
432 35 0
432 40 0
432 41 0
432 44 0
432 47 0
432 48 0
432 56 1
432 65 1
432 77 0
432 78 0
432 79 0
432 101 0
432 106 0
432 107 0
432 108 0
432 121 0
432 129 0
432 130 0
432 131 0
432 224 0
432 267 0
432 268 0
432 269 0
432 270 0
432 290 0
432 384 0
432 407 0
432 417 0
432 428 0
432 429 0
432 430 0
432 519 0
432 634 0
432 740 0
432 926 0
432 927 0
432 928 0
432 929 0
432 930 0
432 937 0
432 1089 0
432 1196 0
432 1255 0
432 1274 0
432 1549 0
432 1567 0
432 1568 0
442 0 0
442 4 1
442 6 0
442 7 0
442 10 0
442 12 0
442 19 0
442 21 0
442 26 0
442 35 1
442 40 0
442 41 0
442 44 0
442 45 0
442 48 1
442 55 0
442 65 0
442 72 0
442 87 0
442 91 0
442 92 0
442 101 0
442 103 0
442 107 1
442 108 0
442 119 0
442 126 0
442 176 0
442 192 0
442 224 0
442 243 1
442 246 0
442 252 0
442 263 0
442 291 0
442 292 0
442 333 0
442 388 0
442 524 0
442 525 0
442 526 0
442 527 0
442 609 0
442 610 0
442 651 0
442 666 0
442 856 0
442 906 0
442 939 0
442 1014 0
442 1015 0
442 1089 1
442 1161 0
442 1162 0
442 1190 0
442 1191 0
442 1307 0
442 1418 0
442 1424 0
442 1425 0
442 1672 0
442 1673 0
442 1674 0
442 1675 0
457 0 1
457 4 1
457 7 0
457 12 0
457 19 0
457 30 0
457 35 1
457 40 1
457 41 0
457 42 0
457 43 0
457 44 0
457 45 0
457 48 0
457 56 1
457 58 0
457 60 0
457 61 0
457 70 0
457 75 0
457 95 0
457 113 0
457 114 0
457 119 0
457 206 0
457 207 0
457 208 0
457 224 1
457 229 0
457 230 0
457 231 0
457 232 0
457 233 0
457 237 0
457 244 0
457 269 0
457 296 0
457 360 0
457 361 0
457 362 0
457 495 0
457 540 0
457 686 0
457 716 0
457 717 0
457 939 0
457 940 0
457 941 0
457 1012 0
457 1035 0
457 1102 0
457 1103 0
457 1278 0
469 0 0
469 4 1
469 6 0
469 10 0
469 12 0
469 14 1
469 19 0
469 35 0
469 45 1
469 48 0
469 68 1
469 70 1
469 75 0
469 82 0
469 85 0
469 87 0
469 92 0
469 99 1
469 103 0
469 107 0
469 108 1
469 126 0
469 171 0
469 207 0
469 212 0
469 224 0
469 229 0
469 242 0
469 246 0
469 252 0
469 267 0
469 269 0
469 291 0
469 293 0
469 294 0
469 295 0
469 327 0
469 328 0
469 329 0
469 407 0
469 440 0
469 558 0
469 634 0
469 725 0
469 726 0
469 775 0
469 835 0
469 856 0
469 907 0
469 908 0
469 1101 0
469 1136 0
469 1137 0
469 1161 0
469 1162 0
469 1267 0
469 1268 0
469 1361 0
486 0 0
486 2 0
486 4 1
486 6 0
486 10 0
486 11 0
486 12 0
486 19 0
486 26 0
486 35 0
486 40 0
486 41 0
486 42 0
486 43 0
486 44 0
486 45 0
486 48 0
486 56 1
486 65 0
486 75 0
486 92 0
486 99 0
486 101 0
486 103 0
486 105 0
486 106 0
486 107 1
486 108 0
486 119 0
486 222 0
486 229 0
486 243 0
486 246 0
486 252 0
486 383 0
486 495 0
486 528 0
486 557 0
486 647 0
486 692 0
486 768 0
486 770 0
486 771 0
486 856 0
486 913 0
486 914 0
486 915 0
486 1089 0
486 1161 0
486 1162 0
486 1167 0
486 1175 0
486 1672 0
486 1673 0
486 1674 0
486 1675 0
488 0 1
488 4 1
488 12 1
488 13 0
488 14 0
488 20 0
488 32 0
488 35 1
488 40 1
488 41 0
488 42 0
488 43 0
488 44 0
488 45 0
488 48 0
488 55 0
488 65 0
488 67 0
488 72 0
488 99 1
488 101 0
488 107 0
488 108 0
488 119 0
488 122 0
488 124 0
488 126 1
488 137 0
488 192 0
488 199 0
488 224 0
488 243 0
488 244 0
488 269 0
488 333 0
488 335 0
488 381 0
488 426 0
488 428 0
488 430 0
488 495 0
488 497 0
488 605 0
488 716 0
488 717 0
488 812 0
488 1012 0
488 1102 0
488 1103 0
488 1118 0
488 1181 0
488 1216 0
488 1283 0
488 1284 0
488 1472 0
488 1569 0
488 1620 0
488 1695 0
488 1696 0
490 0 1
490 2 0
490 4 1
490 6 0
490 10 0
490 11 0
490 12 1
490 13 0
490 14 0
490 20 0
490 24 0
490 35 1
490 40 0
490 41 1
490 42 0
490 43 0
490 56 1
490 65 0
490 67 0
490 72 0
490 75 1
490 99 0
490 103 0
490 109 0
490 136 0
490 212 0
490 229 0
490 243 0
490 244 0
490 253 0
490 254 0
490 255 0
490 267 0
490 269 0
490 278 0
490 293 0
490 294 0
490 295 0
490 387 0
490 388 0
490 389 0
490 417 0
490 505 0
490 513 0
490 514 0
490 558 0
490 632 0
490 633 0
490 634 0
490 692 0
490 745 0
490 746 0
490 747 0
490 943 0
490 1332 0
490 1339 0
490 1363 0
490 1505 0
490 1506 0
490 1713 0
498 0 0
498 2 0
498 4 1
498 7 0
498 12 1
498 13 0
498 14 1
498 19 0
498 35 0
498 40 1
498 44 0
498 45 0
498 48 0
498 49 0
498 52 0
498 58 0
498 60 0
498 61 1
498 65 0
498 67 0
498 101 0
498 106 0
498 107 1
498 108 1
498 113 0
498 119 0
498 121 0
498 146 0
498 192 0
498 235 0
498 238 0
498 243 0
498 256 0
498 269 0
498 308 0
498 316 0
498 333 0
498 590 0
498 634 0
498 740 0
498 887 0
498 888 0
498 918 0
498 937 0
498 1004 0
498 1077 0
498 1131 0
498 1132 0
498 1133 0
498 1134 0
498 1135 0
498 1353 0
498 1354 0
498 1461 0
498 1462 0
498 1541 0
498 1549 0
514 0 1
514 4 1
514 6 0
514 7 0
514 10 0
514 11 0
514 12 1
514 14 1
514 19 0
514 35 0
514 36 0
514 41 0
514 45 0
514 48 0
514 49 0
514 52 0
514 56 0
514 60 0
514 65 0
514 66 0
514 67 0
514 70 0
514 75 0
514 82 0
514 85 0
514 87 0
514 107 0
514 108 0
514 134 0
514 135 0
514 146 0
514 175 0
514 193 0
514 201 0
514 208 0
514 243 0
514 259 0
514 378 1
514 417 0
514 450 0
514 473 0
514 519 0
514 521 0
514 581 0
514 605 0
514 608 0
514 782 0
514 900 0
514 903 0
514 904 0
514 907 0
514 1127 0
514 1128 0
514 1129 0
514 1182 0
514 1183 0
514 1401 0
514 1402 0
514 1403 0
514 1404 0
514 1405 0
514 1478 0
514 1572 0
514 1573 0
514 1574 0
517 2 0
517 4 0
517 10 0
517 11 0
517 12 0
517 22 0
517 35 1
517 40 1
517 41 0
517 42 0
517 43 1
517 45 0
517 48 0
517 56 1
517 70 0
517 72 0
517 75 0
517 91 0
517 92 0
517 101 0
517 107 0
517 108 0
517 126 0
517 142 0
517 144 0
517 165 0
517 168 0
517 171 0
517 207 0
517 224 0
517 243 0
517 245 0
517 246 0
517 267 0
517 269 0
517 307 0
517 337 0
517 412 0
517 417 1
517 439 0
517 536 0
517 537 0
517 538 0
517 720 0
517 732 0
517 806 0
517 807 0
517 808 0
517 809 0
517 810 0
517 856 0
517 862 0
517 863 0
517 959 0
517 1332 0
517 1507 0
517 1508 0
517 1589 0
517 1590 0
517 1668 0
524 0 0
524 6 0
524 7 1
524 8 0
524 10 0
524 11 0
524 12 1
524 13 0
524 14 0
524 35 1
524 40 1
524 42 0
524 43 0
524 44 0
524 48 1
524 65 0
524 67 0
524 72 0
524 75 0
524 95 1
524 101 0
524 136 0
524 137 0
524 192 0
524 201 0
524 224 1
524 229 0
524 243 0
524 244 0
524 269 0
524 372 0
524 485 0
524 503 0
524 504 0
524 505 0
524 596 0
524 672 0
524 673 0
524 716 0
524 829 0
524 890 0
524 891 0
524 1089 0
524 1110 0
524 1111 0
524 1112 0
524 1142 0
524 1150 0
524 1151 0
524 1152 0
524 1153 0
524 1184 0
524 1185 0
524 1217 0
524 1255 0
524 1358 0
524 1359 0
524 1479 0
524 1520 0
524 1643 0
533 2 0
533 4 1
533 6 0
533 13 0
533 14 0
533 18 0
533 19 0
533 20 0
533 21 0
533 22 0
533 35 0
533 40 0
533 44 0
533 45 1
533 48 1
533 65 0
533 67 0
533 70 0
533 75 0
533 89 0
533 90 0
533 92 0
533 101 0
533 107 1
533 119 0
533 168 0
533 181 0
533 182 0
533 183 0
533 192 0
533 210 0
533 211 0
533 212 0
533 229 0
533 243 0
533 266 0
533 297 0
533 304 0
533 329 0
533 333 0
533 337 0
533 355 0
533 378 0
533 412 0
533 557 0
533 558 0
533 559 0
533 567 0
533 568 0
533 598 0
533 1008 0
533 1070 0
533 1523 0
533 1524 0
533 1616 0
533 1617 0
533 1692 0
533 1693 0
533 1694 0
537 0 0
537 2 0
537 4 1
537 6 0
537 7 0
537 10 0
537 12 0
537 13 0
537 14 1
537 19 0
537 20 0
537 32 0
537 35 0
537 41 0
537 45 1
537 48 0
537 56 0
537 78 1
537 79 0
537 80 0
537 92 0
537 103 0
537 107 0
537 108 1
537 109 0
537 165 0
537 171 0
537 173 0
537 224 0
537 235 0
537 243 0
537 246 0
537 269 0
537 329 0
537 333 0
537 402 0
537 417 0
537 519 0
537 521 0
537 684 0
537 732 0
537 856 0
537 1131 0
537 1132 0
537 1133 0
537 1134 0
537 1135 0
537 1285 0
537 1286 0
537 1304 0
537 1353 0
537 1354 0
537 1389 0
537 1390 0
537 1515 0
537 1516 0
537 1572 0
537 1573 0
537 1574 0
537 1584 0
537 1585 0
555 0 1
555 2 0
555 3 0
555 4 1
555 6 1
555 7 0
555 12 0
555 13 0
555 14 1
555 19 0
555 21 0
555 22 1
555 35 1
555 38 0
555 40 0
555 41 0
555 42 0
555 43 0
555 48 1
555 51 0
555 56 0
555 91 0
555 99 0
555 110 0
555 113 0
555 114 0
555 157 0
555 158 0
555 159 0
555 160 0
555 193 0
555 219 0
555 224 0
555 244 0
555 263 0
555 269 0
555 380 0
555 381 0
555 467 0
555 554 0
555 596 0
555 597 0
555 654 0
555 678 0
555 716 0
555 776 0
555 777 0
555 778 0
555 1140 0
555 1155 0
555 1338 0
555 1387 0
555 1417 0
555 1682 0
558 0 1
558 4 1
558 6 1
558 12 1
558 13 0
558 14 0
558 19 0
558 22 0
558 35 1
558 40 0
558 41 1
558 42 0
558 43 0
558 44 0
558 45 0
558 48 0
558 49 0
558 52 0
558 56 0
558 65 0
558 66 0
558 70 0
558 75 0
558 91 0
558 171 0
558 173 0
558 175 0
558 194 0
558 224 0
558 229 0
558 243 0
558 244 1
558 256 0
558 269 1
558 278 0
558 304 0
558 416 0
558 417 0
558 460 1
558 461 0
558 672 0
558 679 0
558 753 0
558 784 0
558 785 0
558 923 0
558 1004 0
558 1351 0
558 1352 0
558 1421 0
558 1422 0
558 1423 0
558 1565 0
558 1621 0
558 1622 0
558 1623 0
558 1719 0
559 0 0
559 2 0
559 4 1
559 6 0
559 7 0
559 10 1
559 11 0
559 12 0
559 14 1
559 22 0
559 29 0
559 35 0
559 40 0
559 44 0
559 48 1
559 49 0
559 56 0
559 65 0
559 67 0
559 70 0
559 72 0
559 75 0
559 95 0
559 107 0
559 108 0
559 119 0
559 136 0
559 137 0
559 158 0
559 165 0
559 175 0
559 176 0
559 193 0
559 212 0
559 218 0
559 243 0
559 256 0
559 365 0
559 366 0
559 367 0
559 411 0
559 412 0
559 495 0
559 634 0
559 685 0
559 740 0
559 936 0
559 937 0
559 938 0
559 1295 0
559 1296 0
559 1297 0
559 1478 0
559 1552 0
559 1665 0
559 1666 0
559 1687 0
571 0 0
571 2 0
571 4 1
571 6 0
571 7 0
571 12 1
571 13 0
571 17 0
571 19 0
571 22 0
571 30 0
571 31 0
571 35 1
571 36 0
571 45 1
571 48 1
571 56 1
571 70 0
571 72 0
571 87 0
571 91 0
571 92 0
571 99 0
571 107 0
571 108 0
571 125 0
571 126 0
571 171 0
571 173 0
571 192 0
571 201 0
571 224 0
571 244 0
571 245 0
571 246 0
571 247 0
571 248 0
571 252 0
571 253 0
571 274 0
571 278 0
571 412 0
571 463 0
571 497 0
571 533 0
571 598 0
571 687 0
571 688 0
571 689 0
571 690 0
571 691 0
571 837 0
571 906 0
571 939 0
571 1043 0
571 1418 0
571 1628 0
610 0 0
610 4 0
610 7 0
610 12 1
610 13 1
610 14 1
610 18 0
610 20 0
610 35 0
610 45 1
610 48 0
610 51 0
610 56 0
610 65 0
610 67 0
610 72 0
610 87 0
610 92 0
610 102 0
610 106 0
610 107 1
610 108 1
610 113 0
610 121 0
610 123 0
610 124 0
610 126 0
610 127 0
610 171 0
610 176 0
610 192 0
610 206 0
610 218 0
610 224 0
610 243 0
610 244 0
610 246 0
610 248 0
610 277 0
610 278 0
610 302 0
610 323 0
610 324 0
610 354 0
610 356 0
610 370 0
610 388 0
610 448 0
610 508 0
610 509 0
610 510 0
610 511 0
610 531 0
610 708 0
610 709 0
610 732 0
610 761 0
610 856 0
610 899 0
610 1245 0
610 1360 0
610 1389 0
610 1390 0
615 0 1
615 4 1
615 7 0
615 10 0
615 11 0
615 12 1
615 13 0
615 14 0
615 19 0
615 20 0
615 24 0
615 35 0
615 40 1
615 42 0
615 43 0
615 44 0
615 48 0
615 52 0
615 60 0
615 66 0
615 72 0
615 79 0
615 101 0
615 107 1
615 108 1
615 110 0
615 113 0
615 114 0
615 142 0
615 143 0
615 144 0
615 145 0
615 149 0
615 224 0
615 243 0
615 256 0
615 263 0
615 269 0
615 307 0
615 354 0
615 356 0
615 437 0
615 463 0
615 565 0
615 634 0
615 659 0
615 670 0
615 740 0
615 832 0
615 842 0
615 936 0
615 937 0
615 938 0
615 1072 0
615 1338 0
615 1592 0
615 1593 0
615 1630 0
615 1631 0
617 2 0
617 4 1
617 6 0
617 7 1
617 10 1
617 11 0
617 12 1
617 13 0
617 14 0
617 24 0
617 35 1
617 40 1
617 42 0
617 43 0
617 45 0
617 46 0
617 47 0
617 48 0
617 51 0
617 56 0
617 65 0
617 70 0
617 95 0
617 101 0
617 107 0
617 108 1
617 113 0
617 114 0
617 224 0
617 235 0
617 243 1
617 244 0
617 255 0
617 269 0
617 271 0
617 272 0
617 278 0
617 290 0
617 341 0
617 450 0
617 575 0
617 818 0
617 864 0
617 1004 0
617 1035 0
617 1127 0
617 1128 0
617 1129 0
617 1184 0
617 1185 0
617 1217 0
617 1339 0
617 1340 0
617 1356 0
617 1643 0
631 0 0
631 4 1
631 7 1
631 12 1
631 13 1
631 14 1
631 19 0
631 32 0
631 35 0
631 41 0
631 45 0
631 48 1
631 55 0
631 70 0
631 72 0
631 75 0
631 91 0
631 95 0
631 96 0
631 107 0
631 108 1
631 113 0
631 124 0
631 165 0
631 219 0
631 261 0
631 269 0
631 273 0
631 388 0
631 392 0
631 393 0
631 467 0
631 468 0
631 469 0
631 684 0
631 957 0
631 967 0
631 970 0
631 994 0
631 995 0
631 996 0
631 997 0
631 1008 0
631 1146 0
631 1176 0
631 1177 0
631 1178 0
631 1179 0
631 1366 0
631 1367 0
631 1517 0
631 1538 0
631 1539 0
631 1632 0
631 1633 0
647 0 0
647 2 0
647 3 0
647 4 0
647 6 0
647 7 0
647 13 0
647 14 0
647 21 0
647 22 0
647 35 0
647 40 0
647 41 0
647 44 0
647 45 0
647 48 1
647 55 0
647 60 0
647 70 0
647 72 0
647 78 0
647 91 0
647 107 0
647 108 0
647 113 0
647 114 0
647 119 1
647 121 0
647 171 0
647 173 0
647 192 0
647 224 0
647 263 0
647 289 0
647 291 0
647 329 0
647 333 0
647 378 0
647 388 0
647 402 0
647 440 0
647 472 0
647 495 0
647 634 0
647 662 0
647 666 0
647 667 0
647 741 0
647 818 0
647 857 0
647 890 0
647 891 0
647 1070 0
655 0 0
655 4 1
655 7 0
655 10 0
655 11 0
655 12 1
655 14 0
655 35 0
655 38 0
655 40 0
655 41 0
655 42 0
655 43 0
655 45 0
655 48 0
655 56 1
655 70 0
655 72 0
655 83 0
655 94 0
655 99 0
655 107 0
655 108 0
655 146 0
655 147 0
655 148 0
655 149 0
655 165 0
655 192 1
655 244 0
655 252 0
655 267 0
655 269 0
655 276 0
655 277 0
655 278 0
655 302 0
655 310 0
655 407 0
655 443 0
655 556 0
655 877 0
655 878 0
655 906 0
655 939 0
655 967 0
655 970 0
655 1136 0
655 1137 0
655 1165 0
655 1166 0
655 1176 0
655 1177 0
655 1178 0
655 1179 0
655 1317 0
655 1318 0
655 1418 0
659 0 1
659 4 0
659 11 1
659 12 0
659 13 0
659 14 1
659 16 0
659 19 0
659 25 0
659 31 0
659 35 0
659 40 1
659 41 0
659 42 0
659 43 0
659 48 0
659 56 0
659 65 0
659 67 0
659 72 0
659 92 0
659 107 1
659 108 0
659 113 0
659 118 0
659 120 0
659 121 0
659 122 0
659 134 0
659 150 0
659 224 0
659 243 0
659 246 0
659 302 0
659 307 0
659 324 0
659 329 0
659 332 0
659 333 0
659 337 0
659 355 0
659 474 0
659 475 0
659 476 0
659 477 0
659 495 0
659 543 0
659 559 0
659 567 0
659 568 0
659 590 0
659 591 0
659 592 0
659 593 0
659 594 0
659 664 0
659 665 0
659 858 0
659 877 0
659 961 0
659 1414 0
659 1415 0
659 1416 0
659 1594 0
659 1595 0
659 1596 0
671 0 0
671 4 1
671 7 0
671 12 0
671 19 0
671 22 0
671 35 0
671 40 0
671 41 0
671 42 0
671 43 0
671 44 0
671 45 0
671 48 0
671 50 0
671 55 0
671 56 0
671 65 0
671 67 0
671 70 1
671 77 0
671 82 0
671 84 0
671 85 0
671 101 0
671 107 0
671 108 0
671 126 0
671 127 0
671 128 0
671 146 0
671 201 0
671 243 0
671 308 0
671 335 0
671 336 0
671 403 0
671 473 0
671 566 0
671 567 0
671 568 0
671 569 0
671 782 0
671 795 0
671 804 0
671 913 0
671 914 0
671 915 0
671 955 0
671 956 0
671 963 0
671 1209 0
671 1210 0
671 1211 0
671 1328 0
671 1329 0
671 1330 0
702 0 0
702 2 1
702 4 0
702 13 1
702 24 0
702 31 0
702 35 0
702 38 0
702 40 0
702 41 0
702 42 0
702 43 0
702 44 0
702 45 1
702 48 0
702 52 0
702 56 1
702 65 0
702 67 1
702 101 0
702 107 0
702 108 0
702 119 0
702 124 0
702 125 0
702 171 0
702 175 0
702 212 0
702 224 0
702 243 0
702 253 0
702 263 0
702 265 0
702 305 0
702 326 0
702 363 0
702 364 0
702 384 0
702 417 0
702 450 0
702 451 0
702 452 0
702 554 0
702 607 0
702 800 0
702 801 0
702 802 0
702 853 0
702 991 0
702 1089 0
702 1120 0
702 1255 0
702 1299 0
702 1300 0
702 1414 0
702 1415 0
702 1416 0
702 1479 0
706 0 0
706 2 1
706 4 1
706 10 0
706 11 0
706 12 0
706 13 1
706 14 0
706 21 0
706 24 0
706 35 0
706 40 0
706 44 0
706 45 0
706 48 1
706 56 0
706 65 0
706 78 0
706 87 0
706 101 0
706 107 0
706 108 1
706 165 0
706 171 0
706 173 0
706 212 0
706 224 0
706 243 0
706 244 0
706 246 0
706 269 0
706 305 0
706 326 0
706 329 0
706 365 0
706 366 0
706 367 0
706 402 0
706 417 0
706 495 0
706 534 0
706 647 0
706 716 0
706 856 0
706 886 0
706 1032 0
706 1033 0
706 1034 0
706 1089 0
706 1124 0
706 1125 0
706 1126 0
706 1131 0
706 1132 0
706 1133 0
706 1134 0
706 1135 0
706 1255 0
706 1257 0
706 1258 0
706 1382 0
706 1500 0
706 1644 0
710 0 1
710 2 0
710 4 1
710 6 0
710 7 1
710 10 1
710 11 0
710 12 0
710 13 1
710 20 0
710 24 0
710 35 1
710 45 0
710 47 0
710 48 0
710 70 0
710 74 0
710 79 0
710 91 0
710 99 0
710 102 0
710 107 0
710 108 0
710 207 0
710 219 0
710 255 0
710 273 0
710 290 0
710 294 0
710 310 0
710 331 0
710 341 0
710 354 0
710 355 0
710 356 1
710 426 0
710 449 0
710 467 0
710 472 0
710 503 0
710 504 0
710 505 0
710 559 0
710 596 0
710 597 0
710 768 0
710 770 0
710 771 0
710 975 0
710 976 0
710 977 0
710 1142 0
710 1321 0
710 1463 0
710 1464 0
710 1465 0
710 1559 0
713 0 0
713 4 1
713 7 0
713 10 0
713 11 0
713 12 0
713 13 0
713 14 0
713 20 0
713 28 0
713 29 0
713 30 0
713 31 0
713 32 0
713 35 1
713 45 0
713 48 1
713 56 0
713 65 0
713 67 0
713 102 0
713 165 0
713 182 0
713 194 0
713 224 0
713 236 0
713 243 0
713 263 0
713 264 0
713 265 0
713 266 0
713 333 0
713 365 0
713 366 0
713 427 0
713 487 0
713 495 0
713 525 0
713 572 0
713 675 0
713 743 0
713 758 0
713 759 0
713 760 0
713 781 0
713 812 0
713 1005 0
713 1075 0
713 1076 0
713 1143 0
713 1406 0
713 1480 0
725 2 0
725 4 1
725 6 0
725 12 1
725 22 0
725 24 0
725 35 0
725 38 0
725 40 0
725 41 0
725 42 0
725 43 0
725 45 0
725 48 0
725 52 0
725 53 0
725 55 0
725 56 0
725 60 0
725 65 1
725 67 0
725 91 0
725 99 0
725 107 0
725 108 0
725 113 0
725 136 0
725 137 0
725 152 0
725 154 0
725 156 0
725 166 0
725 167 0
725 168 0
725 171 0
725 173 0
725 190 0
725 243 0
725 253 0
725 266 0
725 267 0
725 269 0
725 333 0
725 397 0
725 412 0
725 450 0
725 519 0
725 537 0
725 553 0
725 554 0
725 573 0
725 575 0
725 629 0
725 630 0
725 685 0
725 1127 0
725 1128 0
725 1129 0
725 1141 0
725 1207 0
725 1456 0
725 1523 0
725 1524 0
725 1667 0
761 0 0
761 2 0
761 4 1
761 6 1
761 13 1
761 14 0
761 18 1
761 20 0
761 35 0
761 41 0
761 48 1
761 56 1
761 60 0
761 65 0
761 67 1
761 78 0
761 113 0
761 114 0
761 126 0
761 136 0
761 137 0
761 224 0
761 243 0
761 269 0
761 333 0
761 354 0
761 356 0
761 370 0
761 378 0
761 401 0
761 402 0
761 426 0
761 447 0
761 463 0
761 497 0
761 519 0
761 520 0
761 522 0
761 565 0
761 650 0
761 682 0
761 741 0
761 873 0
761 928 0
761 1131 0
761 1132 0
761 1133 0
761 1134 0
761 1135 0
761 1433 0
761 1434 0
761 1529 0
761 1550 0
761 1553 0
763 4 1
763 12 0
763 14 0
763 20 0
763 24 0
763 32 0
763 35 1
763 38 0
763 40 1
763 42 0
763 43 0
763 48 1
763 56 0
763 58 0
763 60 0
763 61 0
763 79 0
763 91 0
763 94 0
763 107 0
763 108 0
763 109 0
763 113 0
763 114 0
763 126 0
763 156 0
763 171 0
763 173 0
763 224 0
763 232 0
763 237 0
763 273 0
763 354 0
763 356 0
763 371 0
763 417 0
763 482 0
763 497 0
763 633 0
763 835 0
763 880 0
763 950 0
763 953 0
763 957 0
763 1399 0
763 1604 0
763 1605 0
763 1719 0
764 0 1
764 4 1
764 7 0
764 12 1
764 15 0
764 19 0
764 20 0
764 22 0
764 35 0
764 40 0
764 41 0
764 42 0
764 43 0
764 44 0
764 45 1
764 49 0
764 62 0
764 65 0
764 66 0
764 70 0
764 72 0
764 90 0
764 95 0
764 99 1
764 101 0
764 107 1
764 108 1
764 124 0
764 192 0
764 193 0
764 194 0
764 207 0
764 244 0
764 256 0
764 257 0
764 278 0
764 311 0
764 330 0
764 354 0
764 356 0
764 392 0
764 393 0
764 451 0
764 571 0
764 649 0
764 675 0
764 1042 0
764 1043 0
764 1089 0
764 1184 0
764 1185 0
764 1217 0
764 1254 0
764 1255 0
764 1487 0
764 1488 0
764 1489 0
764 1643 0
764 1648 0
764 1649 0
764 1676 0
777 0 0
777 4 1
777 10 0
777 11 0
777 12 0
777 13 0
777 14 0
777 15 0
777 19 0
777 31 0
777 35 0
777 40 1
777 41 0
777 42 0
777 43 0
777 45 0
777 48 1
777 56 0
777 72 0
777 87 0
777 90 0
777 95 0
777 107 1
777 108 0
777 125 0
777 154 0
777 168 0
777 192 0
777 193 0
777 201 0
777 208 0
777 226 0
777 267 0
777 269 0
777 294 0
777 310 0
777 378 0
777 426 0
777 427 0
777 519 0
777 544 0
777 545 0
777 560 0
777 561 0
777 562 0
777 563 0
777 581 0
777 608 0
777 634 0
777 662 0
777 663 0
777 884 0
777 885 0
777 1062 0
777 1063 0
777 1184 0
777 1185 0
777 1217 0
777 1218 0
777 1411 0
777 1525 0
777 1526 0
777 1527 0
783 0 1
783 8 0
783 10 0
783 11 0
783 12 1
783 13 0
783 14 0
783 19 0
783 20 1
783 21 0
783 30 0
783 35 1
783 41 1
783 45 0
783 48 1
783 55 0
783 56 0
783 58 0
783 61 0
783 91 0
783 107 0
783 108 0
783 113 0
783 114 0
783 125 0
783 126 0
783 142 0
783 144 0
783 150 0
783 165 0
783 192 0
783 208 0
783 224 0
783 244 0
783 245 0
783 263 0
783 269 0
783 324 0
783 332 0
783 333 0
783 339 0
783 403 0
783 404 0
783 412 0
783 415 0
783 497 0
783 568 0
783 598 0
783 635 0
783 664 0
783 665 0
783 686 0
783 716 0
783 776 0
783 777 0
783 778 0
783 964 0
783 965 0
783 966 0
783 1305 0
783 1306 0
783 1589 0
783 1590 0
783 1628 0
814 2 0
814 4 1
814 7 0
814 10 1
814 11 1
814 12 0
814 13 0
814 24 0
814 35 0
814 41 0
814 45 0
814 48 0
814 50 0
814 53 0
814 55 1
814 56 0
814 65 0
814 67 0
814 77 0
814 99 0
814 103 0
814 105 0
814 106 0
814 107 0
814 108 0
814 109 0
814 125 0
814 165 0
814 212 0
814 224 0
814 243 0
814 258 0
814 263 0
814 264 0
814 265 0
814 266 0
814 269 0
814 294 0
814 300 0
814 307 0
814 394 0
814 417 0
814 450 0
814 451 0
814 452 0
814 472 0
814 528 0
814 529 0
814 530 0
814 684 0
814 974 0
814 1064 0
814 1285 0
814 1286 0
814 1584 0
814 1585 0
831 0 0
831 2 0
831 4 0
831 6 1
831 7 0
831 8 0
831 10 0
831 11 0
831 12 0
831 13 0
831 14 1
831 17 0
831 19 0
831 20 0
831 35 0
831 40 0
831 44 0
831 45 0
831 48 0
831 49 0
831 52 0
831 56 0
831 65 0
831 67 0
831 79 0
831 91 0
831 92 0
831 101 0
831 113 0
831 114 0
831 119 0
831 171 0
831 207 0
831 208 0
831 212 0
831 246 0
831 247 0
831 248 0
831 256 0
831 269 0
831 307 0
831 318 0
831 568 0
831 576 0
831 577 0
831 733 0
831 902 0
831 907 0
831 1019 0
831 1060 0
831 1089 0
831 1225 0
831 1226 0
831 1227 0
831 1228 0
831 1255 0
831 1305 0
831 1306 0
831 1500 0
831 1606 0
831 1607 0
831 1655 0
834 0 0
834 2 0
834 4 0
834 6 0
834 7 0
834 12 0
834 13 0
834 14 0
834 18 0
834 19 0
834 20 0
834 22 0
834 24 0
834 35 1
834 40 1
834 41 0
834 44 0
834 49 0
834 52 0
834 55 0
834 56 0
834 60 0
834 65 0
834 72 1
834 77 0
834 101 0
834 102 0
834 157 0
834 158 0
834 159 0
834 160 0
834 161 0
834 162 0
834 176 0
834 201 0
834 243 0
834 255 0
834 519 0
834 566 0
834 575 0
834 581 0
834 602 0
834 605 0
834 695 0
834 696 0
834 900 0
834 939 0
834 949 0
834 1089 0
834 1197 0
834 1198 0
834 1215 0
834 1307 0
834 1401 0
834 1402 0
834 1403 0
834 1404 0
834 1405 0
835 0 1
835 4 1
835 6 0
835 7 0
835 12 0
835 13 0
835 20 0
835 35 1
835 38 1
835 40 0
835 41 0
835 42 0
835 43 0
835 44 0
835 45 1
835 48 0
835 56 0
835 62 0
835 65 0
835 66 0
835 67 0
835 72 0
835 75 0
835 78 0
835 79 0
835 93 0
835 94 0
835 101 0
835 103 1
835 106 0
835 107 0
835 108 0
835 124 0
835 137 0
835 140 0
835 209 0
835 212 0
835 224 0
835 243 0
835 244 0
835 269 0
835 278 0
835 290 0
835 298 0
835 330 0
835 451 0
835 534 0
835 535 0
835 649 0
835 651 0
835 729 0
835 1004 0
835 1089 0
835 1255 0
835 1279 0
835 1339 0
835 1340 0
835 1602 0
835 1676 0
835 1683 0
835 1684 0
835 1685 0
838 0 1
838 2 0
838 4 1
838 7 0
838 12 1
838 14 0
838 19 0
838 21 0
838 24 0
838 35 0
838 40 0
838 44 1
838 45 0
838 48 0
838 56 0
838 65 0
838 67 0
838 87 0
838 91 0
838 101 0
838 107 0
838 108 0
838 119 0
838 125 0
838 146 0
838 171 0
838 173 0
838 207 0
838 243 0
838 307 0
838 384 0
838 385 0
838 386 0
838 417 0
838 502 0
838 590 0
838 591 0
838 592 0
838 593 0
838 594 0
838 609 0
838 610 0
838 634 0
838 662 0
838 843 0
838 844 0
838 1216 0
838 1295 0
838 1296 0
838 1297 0
838 1298 0
838 1391 0
838 1461 0
838 1462 0
838 1570 0
838 1571 0
889 0 0
889 4 1
889 6 0
889 7 0
889 10 0
889 11 0
889 12 1
889 13 1
889 14 1
889 20 0
889 22 1
889 30 0
889 35 1
889 36 0
889 40 1
889 44 0
889 45 0
889 48 1
889 49 0
889 52 0
889 70 0
889 72 0
889 75 0
889 79 0
889 87 0
889 90 0
889 99 0
889 100 0
889 101 0
889 102 0
889 118 0
889 119 0
889 121 0
889 134 0
889 154 0
889 171 0
889 192 0
889 201 0
889 203 0
889 204 0
889 212 0
889 222 0
889 224 0
889 256 0
889 307 0
889 333 0
889 368 0
889 383 0
889 586 0
889 589 0
889 659 0
889 737 0
889 738 0
889 812 0
889 1494 0
892 0 0
892 4 1
892 12 1
892 13 0
892 35 1
892 40 1
892 44 0
892 45 1
892 48 1
892 65 0
892 67 0
892 72 0
892 101 0
892 102 0
892 107 0
892 108 1
892 113 0
892 136 0
892 137 0
892 138 0
892 139 0
892 140 0
892 165 0
892 243 0
892 244 0
892 269 0
892 278 0
892 294 1
892 321 0
892 322 0
892 323 0
892 324 0
892 503 0
892 504 0
892 505 0
892 506 0
892 507 0
892 525 0
892 566 0
892 631 0
892 682 0
892 830 0
892 831 0
892 967 0
892 968 0
892 970 0
892 1089 0
892 1242 0
892 1255 0
892 1259 0
892 1279 0
892 1336 0
892 1337 0
892 1447 0
892 1504 0
892 1604 0
892 1605 0
897 0 0
897 4 1
897 7 0
897 12 1
897 20 1
897 22 0
897 24 0
897 30 0
897 35 0
897 40 0
897 41 0
897 44 0
897 45 0
897 53 0
897 54 0
897 55 0
897 56 1
897 57 0
897 58 0
897 61 0
897 70 1
897 75 0
897 99 0
897 101 0
897 107 0
897 119 0
897 142 0
897 144 0
897 192 0
897 229 0
897 238 0
897 256 0
897 295 0
897 333 0
897 388 0
897 397 0
897 428 0
897 430 0
897 462 0
897 463 0
897 464 0
897 519 0
897 558 0
897 578 0
897 656 0
897 657 0
897 658 0
897 666 0
897 667 0
897 960 0
897 1056 0
897 1057 0
897 1058 0
897 1086 0
897 1093 0
897 1450 0
897 1451 0
897 1452 0
897 1688 0
897 1689 0
908 0 1
908 2 0
908 4 1
908 8 1
908 9 0
908 10 0
908 11 1
908 12 1
908 13 0
908 19 1
908 20 0
908 21 0
908 35 0
908 45 0
908 48 0
908 65 0
908 72 0
908 95 0
908 101 0
908 158 0
908 192 0
908 193 0
908 207 0
908 243 1
908 263 0
908 269 0
908 273 0
908 290 0
908 307 0
908 327 0
908 329 0
908 337 0
908 340 0
908 341 0
908 342 0
908 495 0
908 544 0
908 545 0
908 559 0
908 565 0
908 568 0
908 911 0
908 918 0
908 925 0
908 978 0
908 1004 0
908 1256 0
908 1541 0
908 1559 0
909 0 0
909 4 1
909 8 0
909 10 0
909 11 0
909 12 0
909 13 0
909 14 0
909 35 0
909 40 0
909 41 0
909 42 0
909 43 0
909 45 0
909 48 0
909 55 0
909 56 0
909 62 0
909 82 0
909 85 0
909 107 0
909 108 0
909 125 0
909 126 0
909 165 0
909 167 0
909 223 0
909 224 0
909 225 0
909 280 0
909 294 0
909 305 0
909 310 0
909 333 0
909 355 0
909 398 0
909 427 0
909 472 0
909 485 0
909 497 0
909 570 0
909 598 0
909 599 0
909 682 0
909 758 0
909 759 0
909 760 0
909 865 0
909 866 0
909 867 0
909 1051 0
909 1184 0
909 1185 0
909 1217 0
909 1218 0
909 1332 0
909 1333 0
909 1483 0
909 1484 0
909 1485 0
909 1628 0
930 0 0
930 4 1
930 7 0
930 10 0
930 11 0
930 12 0
930 13 0
930 14 0
930 30 0
930 35 1
930 40 0
930 44 0
930 45 1
930 48 0
930 65 0
930 66 0
930 78 0
930 92 0
930 99 0
930 101 0
930 107 0
930 108 0
930 171 0
930 194 0
930 212 0
930 224 0
930 243 0
930 246 0
930 263 0
930 290 0
930 329 0
930 341 0
930 402 0
930 409 0
930 412 0
930 462 0
930 463 0
930 464 0
930 495 0
930 642 0
930 732 0
930 796 0
930 797 0
930 856 0
930 1059 0
930 1060 0
930 1061 0
930 1075 0
930 1076 0
930 1089 0
930 1175 0
930 1295 0
930 1296 0
930 1297 0
930 1389 0
930 1390 0
930 1427 0
930 1428 0
930 1687 0
937 0 0
937 4 1
937 6 0
937 7 0
937 12 1
937 13 0
937 14 0
937 35 0
937 38 1
937 40 0
937 41 0
937 42 0
937 43 0
937 44 0
937 45 0
937 56 0
937 65 0
937 67 0
937 72 0
937 75 0
937 82 0
937 85 0
937 93 0
937 94 0
937 99 0
937 102 0
937 113 0
937 122 0
937 192 0
937 193 0
937 199 0
937 239 0
937 243 0
937 267 0
937 269 0
937 280 0
937 304 0
937 354 0
937 356 0
937 468 0
937 469 0
937 544 0
937 545 0
937 734 0
937 755 0
937 756 0
937 757 0
937 1004 0
937 1049 0
937 1050 0
937 1051 0
937 1351 0
937 1352 0
937 1531 0
937 1532 0
937 1533 0
937 1534 0
938 0 1
938 4 1
938 7 0
938 10 0
938 12 1
938 13 0
938 14 0
938 15 0
938 16 0
938 17 0
938 18 0
938 19 0
938 20 0
938 32 0
938 35 1
938 38 0
938 40 0
938 41 0
938 42 0
938 43 0
938 44 0
938 45 0
938 48 1
938 56 1
938 65 0
938 67 0
938 74 0
938 91 1
938 94 0
938 107 1
938 108 0
938 118 0
938 119 0
938 125 0
938 126 0
938 127 0
938 128 0
938 136 0
938 137 0
938 165 0
938 212 0
938 219 0
938 242 0
938 243 0
938 282 0
938 467 0
938 589 0
938 596 0
938 597 0
938 750 0
938 751 0
938 1184 0
938 1185 0
938 1217 0
938 1218 0
938 1584 0
938 1585 0
938 1620 0
942 0 1
942 6 0
942 7 0
942 10 0
942 11 0
942 12 0
942 28 1
942 29 0
942 30 0
942 31 0
942 32 0
942 40 1
942 41 0
942 44 0
942 45 0
942 48 1
942 55 1
942 56 0
942 72 0
942 75 0
942 82 0
942 85 0
942 107 1
942 108 0
942 118 0
942 119 0
942 192 0
942 222 0
942 232 0
942 244 1
942 249 0
942 269 0
942 278 0
942 294 0
942 310 0
942 321 0
942 322 0
942 323 0
942 324 0
942 335 0
942 376 0
942 444 0
942 445 0
942 472 0
942 559 0
942 584 0
942 589 0
942 631 0
942 647 0
942 967 0
942 968 0
942 970 0
942 1167 0
942 1231 0
942 1232 0
942 1233 0
942 1259 0
942 1281 0
942 1282 0
942 1677 0
943 0 0
943 2 0
943 4 1
943 7 0
943 8 0
943 10 0
943 11 0
943 12 0
943 13 1
943 35 1
943 45 0
943 48 0
943 56 0
943 62 0
943 65 0
943 67 0
943 72 0
943 108 1
943 171 0
943 173 0
943 176 0
943 192 0
943 224 0
943 243 0
943 244 0
943 252 0
943 263 0
943 269 0
943 273 0
943 276 0
943 277 0
943 278 0
943 285 0
943 302 0
943 313 0
943 319 0
943 379 0
943 380 0
943 381 0
943 382 0
943 440 0
943 441 0
943 442 0
943 474 0
943 475 0
943 476 0
943 716 0
943 721 0
943 722 0
943 943 0
943 945 0
943 946 0
943 947 0
943 1029 0
943 1054 0
943 1055 0
943 1310 0
943 1311 0
945 0 0
945 4 1
945 7 1
945 12 1
945 13 0
945 14 0
945 24 0
945 35 1
945 40 0
945 44 0
945 45 0
945 48 1
945 49 0
945 52 1
945 56 0
945 65 1
945 67 0
945 82 0
945 84 0
945 85 0
945 107 0
945 108 0
945 110 0
945 113 0
945 114 0
945 126 1
945 145 0
945 148 0
945 150 0
945 171 0
945 173 0
945 194 0
945 224 0
945 243 0
945 248 0
945 256 0
945 269 0
945 294 0
945 307 0
945 310 1
945 418 0
945 419 0
945 426 0
945 472 0
945 497 0
945 851 0
945 852 0
945 919 0
945 989 0
945 990 0
945 1011 0
945 1338 0
945 1592 0
945 1593 0
945 1699 0
945 1700 0
945 1701 0
945 1702 0
956 0 0
956 2 0
956 4 1
956 7 0
956 12 1
956 13 1
956 18 0
956 19 0
956 22 0
956 24 0
956 29 0
956 35 1
956 45 0
956 48 0
956 56 1
956 65 0
956 66 0
956 67 0
956 82 0
956 85 0
956 95 0
956 107 0
956 108 0
956 125 0
956 146 0
956 171 0
956 173 0
956 224 0
956 243 0
956 258 0
956 269 0
956 274 0
956 294 0
956 307 0
956 416 0
956 417 0
956 472 0
956 473 0
956 533 0
956 562 0
956 609 0
956 634 0
956 662 0
956 679 0
956 782 0
956 974 0
956 1028 0
956 1083 0
956 1091 0
956 1092 0
956 1113 0
956 1114 0
956 1115 0
956 1334 0
956 1335 0
956 1391 0
975 2 0
975 4 0
975 7 0
975 12 1
975 13 0
975 14 0
975 22 0
975 25 0
975 27 0
975 35 0
975 40 0
975 45 0
975 48 0
975 56 0
975 58 0
975 82 0
975 84 0
975 85 0
975 91 0
975 107 0
975 108 1
975 110 0
975 111 0
975 112 0
975 113 0
975 114 0
975 119 0
975 150 0
975 163 0
975 164 0
975 165 0
975 176 0
975 207 0
975 224 0
975 230 0
975 242 0
975 263 0
975 290 0
975 298 0
975 299 0
975 300 0
975 307 0
975 341 0
975 647 0
975 651 0
975 835 0
975 849 0
975 850 0
975 1011 0
975 1101 0
975 1146 0
975 1167 0
975 1190 0
975 1191 0
975 1632 0
975 1633 0
976 0 0
976 4 1
976 6 1
976 13 0
976 14 0
976 19 1
976 20 0
976 29 0
976 35 1
976 40 0
976 42 0
976 43 0
976 45 0
976 48 0
976 51 0
976 55 1
976 62 0
976 72 0
976 73 0
976 74 0
976 75 1
976 106 0
976 107 0
976 108 0
976 113 0
976 114 0
976 158 0
976 165 0
976 176 0
976 177 0
976 178 0
976 192 0
976 224 0
976 228 0
976 280 0
976 329 0
976 337 0
976 357 0
976 359 0
976 411 0
976 417 0
976 566 0
976 675 0
976 818 0
976 821 0
976 911 0
976 913 0
976 914 0
976 915 0
976 925 0
976 928 0
976 949 0
976 1210 0
976 1313 0
976 1482 0
981 0 0
981 4 1
981 7 0
981 10 1
981 12 0
981 19 0
981 30 0
981 35 0
981 36 0
981 40 0
981 44 0
981 45 1
981 48 1
981 56 0
981 65 0
981 66 0
981 82 0
981 85 0
981 99 0
981 101 0
981 107 0
981 108 0
981 165 1
981 206 0
981 207 0
981 208 0
981 253 0
981 255 0
981 259 0
981 331 0
981 409 0
981 412 0
981 598 0
981 599 0
981 662 0
981 675 0
981 701 0
981 775 0
981 834 0
981 835 0
981 836 0
981 874 0
981 907 0
981 948 0
981 1089 0
981 1109 0
981 1165 0
981 1223 0
981 1229 0
981 1230 0
981 1255 0
981 1269 0
981 1274 0
981 1319 0
981 1320 0
981 1530 0
981 1584 0
981 1585 0
987 4 1
987 7 0
987 8 0
987 10 0
987 11 0
987 12 0
987 13 0
987 35 0
987 38 0
987 40 0
987 41 1
987 42 0
987 43 0
987 45 1
987 48 0
987 65 0
987 67 0
987 70 0
987 75 0
987 82 0
987 85 0
987 91 0
987 94 0
987 107 0
987 108 1
987 136 0
987 137 0
987 154 0
987 165 0
987 168 0
987 219 0
987 229 0
987 235 0
987 243 0
987 245 0
987 271 0
987 272 0
987 443 0
987 503 0
987 504 0
987 505 0
987 568 0
987 675 0
987 676 0
987 685 0
987 761 0
987 797 0
987 979 0
987 1062 0
987 1063 0
987 1142 0
987 1233 0
987 1305 0
987 1306 0
987 1383 0
987 1384 0
987 1385 0
987 1669 0
987 1670 0
987 1671 0
998 0 0
998 4 1
998 7 0
998 10 0
998 11 0
998 12 1
998 13 0
998 19 0
998 21 0
998 22 0
998 31 0
998 35 1
998 40 0
998 42 0
998 43 1
998 62 0
998 65 0
998 72 0
998 101 0
998 103 0
998 106 0
998 107 0
998 108 0
998 165 0
998 168 0
998 181 0
998 182 0
998 183 0
998 226 0
998 243 0
998 245 0
998 269 0
998 412 1
998 426 0
998 427 0
998 435 0
998 495 0
998 665 0
998 678 0
998 800 0
998 815 0
998 874 0
998 875 0
998 876 0
998 918 0
998 959 0
998 1004 0
998 1184 0
998 1185 0
998 1217 0
998 1218 0
998 1386 0
998 1387 0
998 1414 0
998 1415 0
998 1416 0
998 1541 0
998 1627 0
998 1697 0
998 1698 0
